37987	31.8	4.76	0.11836	1
37988	10.4	4.21	0.30711	1
37989	11.2	3.6	0.21831	1
37990	8.4	3.04	0.34544	1
37991	1	2.68	0.40907	1
37992	15.7	2.39	0.45374	1
37993	19.8	2.34	0.26737	1
37994	21.3	7.85	0.32125	1
37995	1	15.57	0.42509	1
37996	1.5	20.01	0.40162	1
37997	0	16.92	0.45878	1
37998	1.3	13.24	0.45601	1
37999	0.8	11.95	0.54727	1
38000	11.4	12.17	0.49599	1
38001	8.1	14.35	0.50915	1
38002	0.5	16.82	0.63026	1
38003	0	13.92	0.69876	1
38004	13	10.17	0.65915	1
38005	16.3	9.21	0.60998	1
38006	0	13.56	0.62593	1
38007	0	11.73	0.61914	1
38008	0	7.55	0.64987	1
38009	63.8	5.41	0.60196	1
38010	20.8	16.83	0.74831	1
38011	12.2	25.49	0.44175	1
38012	9.9	14.09	0.54832	1
38013	34.3	11.17	0.63687	1
38014	58.7	18.59	0.45466	1
38015	23.6	33.14	0.9286	1
38016	43.7	38.4	0.78799	1
38017	13.5	25.46	0.51966	1
38018	13.2	16.13	0.53584	2
38019	13.7	12.27	0.78895	2
38020	2	12.81	0.7409	2
38021	3.6	14.27	0.73303	2
38022	0	10.45	0.85568	2
38023	22.6	7.81	0.73377	2
38024	8.4	6.92	0.73706	2
38025	0	10.09	0.79524	2
38026	0	8.71	0.81634	2
38027	0	6.15	1.0883	2
38028	0	4.74	1.121	2
38029	0	3.88	1.1357	2
38030	0	3.26	0.84936	2
38031	11.4	2.84	1.0667	2
38032	3.6	2.67	1.1104	2
38033	29.2	2.93	0.94683	2
38034	31.8	6.38	0.98487	2
38035	21.8	13.88	0.92534	2
38036	3.6	15.76	1.0542	2
38037	0	15.63	1.1323	2
38038	0	10.23	1.3669	2
38039	0.8	6.61	1.3476	2
38040	4.8	4.86	1.152	2
38041	2.5	3.94	1.3168	2
38042	6.4	3.21	1.4549	2
38043	7.6	2.82	1.0519	2
38044	14.7	2.65	0.84723	2
38045	1.8	2.87	0.99276	2
38046	13.2	3.61	1.0752	2
38047	8.9	3.26	1.3224	3
38048	0	6.74	1.4337	3
38049	11.7	5.37	1.0593	3
38050	22.4	4.21	1.2552	3
38051	23.6	9.69	1.2054	3
38052	1.3	11.81	1.5297	3
38053	0	12.44	1.8869	3
38054	0	7.17	2.365	3
38055	0	4.81	2.1622	3
38056	0	3.58	1.9801	3
38057	0	2.86	2.433	3
38058	0	2.52	2.303	3
38059	0	2.24	2.4793	3
38060	0	2.02	2.2676	3
38061	0	1.85	2.2211	3
38062	0	1.73	2.4162	3
38063	0	1.62	2.4711	3
38064	1.3	1.53	2.0778	3
38065	0	1.44	1.6634	3
38066	0	1.35	2.8341	3
38067	0	1.21	2.8594	3
38068	0	1.11	2.7302	3
38069	0	1.05	2.0879	3
38070	9.7	1	1.2288	3
38071	17.8	1.22	1.5594	3
38072	18.5	1.43	1.411	3
38073	9.7	1.63	1.6487	3
38074	0	2.56	2.4513	3
38075	0	1.92	2.9587	3
38076	6.1	1.64	1.8725	3
38077	0	1.44	1.6827	3
38078	0	1.31	2.3208	4
38079	0	1.17	3.1982	4
38080	0	1.06	3.1908	4
38081	0	0.98	2.9104	4
38082	0	0.92	2.0289	4
38083	0	0.89	2.4563	4
38084	0	0.86	2.8941	4
38085	0	0.83	3.095	4
38086	0	0.79	3.4668	4
38087	0	0.76	3.9437	4
38088	0	0.72	4.2067	4
38089	0	0.68	3.0081	4
38090	11.2	0.66	2.2978	4
38091	26.4	0.69	1.8304	4
38092	18.3	1.04	1.9225	4
38093	9.9	1.96	1.9143	4
38094	6.1	1.98	2.1478	4
38095	5.1	2.08	1.9504	4
38096	14.7	2.19	1.8859	4
38097	32.3	2.29	1.2477	4
38098	19.3	6.27	2.019	4
38099	0	14.8	2.6785	4
38100	0	8.45	2.7209	4
38101	0	4.2	3.5188	4
38102	0	2.8	4.3423	4
38103	0	2.25	4.8672	4
38104	0	1.92	4.6187	4
38105	0	1.71	3.5512	4
38106	0	1.54	4.936	4
38107	0	1.35	5.2683	4
38108	0	1.16	5.0863	5
38109	0	1.03	5.3058	5
38110	0	0.94	4.7879	5
38111	0	0.87	2.7137	5
38112	0	0.86	3.9749	5
38113	0	0.82	3.8991	5
38114	7.9	0.82	2.9439	5
38115	4.3	0.84	2.834	5
38116	3.8	0.83	2.9417	5
38117	9.4	0.78	1.8359	5
38118	7.1	0.82	2.4519	5
38119	0	0.93	3.6559	5
38120	0	0.79	4.6552	5
38121	0	0.73	4.4566	5
38122	2.5	0.69	2.9707	5
38123	4.1	0.7	3.3711	5
38124	14.7	0.73	4.2062	5
38125	8.6	0.88	1.8264	5
38126	0	1.13	3.6027	5
38127	1.3	1.05	4.4576	5
38128	0	0.84	3.1418	5
38129	15	0.77	2.1756	5
38130	2.5	0.82	3.027	5
38131	0	1.33	5.1166	5
38132	0	0.98	5.7206	5
38133	7.4	0.81	2.898	5
38134	42.9	0.83	2.452	5
38135	26.2	3.06	2.3754	5
38136	3	11.96	2.6307	5
38137	0	8.94	3.4961	5
38138	0	4.85	4.6708	5
38139	0	2.99	5.6015	6
38140	0	2.26	5.697	6
38141	0	1.86	6.1414	6
38142	0	1.58	6.4714	6
38143	5.3	1.32	2.7588	6
38144	14.5	1.23	2.6156	6
38145	11.2	1.27	2.9979	6
38146	12.4	1.62	2.1238	6
38147	12.4	2.37	1.8333	6
38148	2.8	3.39	2.684	6
38149	0	3.69	2.6122	6
38150	0	2.7	4.5422	6
38151	2.5	2.15	4.045	6
38152	0	1.8	4.7027	6
38153	0	1.56	5.8642	6
38154	0	1.34	6.6308	6
38155	0	1.13	7.3557	6
38156	0	1	6.7896	6
38157	0	0.89	6.6502	6
38158	0	0.82	6.9612	6
38159	0	0.76	7.4113	6
38160	0	0.72	4.4395	6
38161	0	0.72	4.8522	6
38162	0	0.69	4.9925	6
38163	0	0.66	5.6543	6
38164	0	0.63	5.6471	6
38165	0	0.61	6.1783	6
38166	0	0.59	6.4634	6
38167	0	0.62	5.7264	6
38168	0	0.42	6.6517	6
38169	0	0.39	6.5832	7
38170	0	0.36	5.7432	7
38171	0	0.35	5.3729	7
38172	0	0.34	5.8591	7
38173	0	0.33	6.6106	7
38174	0	0.3	6.371	7
38175	0	0.29	5.0066	7
38176	0	0.27	6.1925	7
38177	0	0.26	5.3859	7
38178	0	0.25	4.9288	7
38179	0	0.24	6.5103	7
38180	0	0.23	7.252	7
38181	0	0.2	6.2987	7
38182	0	0.19	6.7242	7
38183	0	0.19	6.1361	7
38184	0	0.17	7.0185	7
38185	0	0.16	6.7154	7
38186	0.5	0.16	4.8697	7
38187	1	0.16	5.0328	7
38188	0	0.17	5.7742	7
38189	0	0.15	6.5156	7
38190	0	0.14	7.4544	7
38191	0	0.13	7.8889	7
38192	0	0.1	7.6225	7
38193	0	0.1	6.3686	7
38194	0	0.1	6.518	7
38195	0	0.1	6.7304	7
38196	0	0.09	6.6547	7
38197	0	0.09	6.47	7
38198	0	0.08	6.0398	7
38199	0	0.08	6.092	7
38200	0	0.09	5.989	8
38201	0	0.08	5.155	8
38202	0	0.08	5.1318	8
38203	0	0.09	5.3006	8
38204	0	0.08	4.2814	8
38205	3.6	0.09	2.8288	8
38206	0	0.1	5.1445	8
38207	0	0.11	6.5152	8
38208	0	0.07	6.535	8
38209	0	0.06	6.4559	8
38210	0	0.05	6.1864	8
38211	0	0.05	6.0147	8
38212	0	0.04	5.7766	8
38213	0	0.04	5.3394	8
38214	0	0.04	5.4532	8
38215	0	0.05	5.3322	8
38216	0	0.04	5.527	8
38217	0	0.04	5.4434	8
38218	0	0.03	5.3937	8
38219	0	0.04	5.2293	8
38220	0	0.04	4.6369	8
38221	43.7	0.03	2.2501	8
38222	9.7	0.48	2.2483	8
38223	0.5	0.27	1.7636	8
38224	49.8	0.21	2.1359	8
38225	8.4	1.24	2.0301	8
38226	0	0.94	2.6479	8
38227	0	0.33	3.3255	8
38228	0	0.2	3.7485	8
38229	0	0.16	3.7763	8
38230	0	0.13	3.6165	8
38231	1.8	0.11	2.7938	9
38232	3	0.11	2.1548	9
38233	0	0.14	2.7062	9
38234	0	0.14	2.8982	9
38235	0	0.11	3.0884	9
38236	0	0.1	3.2976	9
38237	0	0.1	2.9145	9
38238	0	0.09	3.046	9
38239	0	0.09	2.5643	9
38240	0	0.09	3.1313	9
38241	7.9	0.1	1.9474	9
38242	1.5	0.13	1.5055	9
38243	27.4	0.13	1.1851	9
38244	4.3	0.47	1.7182	9
38245	11.7	0.38	1.9728	9
38246	0.8	0.65	1.7815	9
38247	23.4	0.33	1.5907	9
38248	14	0.65	1.3743	9
38249	8.1	1.41	1.7273	9
38250	1.5	0.89	1.7948	9
38251	0	0.7	2.1172	9
38252	0	0.45	2.4657	9
38253	0	0.32	2.3462	9
38254	0	0.26	2.4716	9
38255	0	0.21	2.3696	9
38256	0	0.19	1.5097	9
38257	0	0.18	2.0648	9
38258	0	0.17	2.333	9
38259	0	0.16	1.693	9
38260	0	0.15	1.591	9
38261	0	0.15	2.0636	10
38262	0	0.14	2.1054	10
38263	0	0.13	2.1111	10
38264	0	0.13	2.2015	10
38265	0	0.13	2.0061	10
38266	6.9	0.13	1.5021	10
38267	0.5	0.15	1.5316	10
38268	14	0.17	1.9124	10
38269	10.4	0.18	1.1975	10
38270	0	0.53	1.3663	10
38271	0	0.27	1.7854	10
38272	0	0.19	1.9038	10
38273	0	0.17	1.6498	10
38274	0	0.15	1.8191	10
38275	0	0.22	1.6272	10
38276	1.8	0.22	1.3193	10
38277	37.1	0.24	1.1037	10
38278	21.3	0.69	0.76267	10
38279	0	2.16	1.1535	10
38280	3.8	1.17	0.95436	10
38281	12.4	0.75	0.81944	10
38282	18.5	1.03	0.87283	10
38283	4.8	2.13	0.89843	10
38284	2.3	1.96	0.9609	10
38285	1	1.24	0.97874	10
38286	1.3	0.9	0.79158	10
38287	0	0.79	0.88733	10
38288	1	0.66	0.77314	10
38289	0.5	0.57	0.799	10
38290	13	0.57	0.68159	10
38291	3.3	0.74	0.90531	10
38292	13.7	0.88	0.98847	11
38293	30	0.91	1.0099	11
38294	0	3.41	0.83286	11
38295	0	4.26	0.83532	11
38296	0	1.81	1.0271	11
38297	0	1.21	1.0184	11
38298	0	0.9	1.0963	11
38299	0	0.77	1.0173	11
38300	0	0.68	0.82146	11
38301	0	0.6	0.94738	11
38302	0	0.57	0.92263	11
38303	0	0.53	0.97408	11
38304	0	0.48	0.88128	11
38305	0	0.46	0.8867	11
38306	6.6	0.46	0.79671	11
38307	2.5	0.46	0.73991	11
38308	0	0.48	0.76442	11
38309	10.2	0.44	0.64132	11
38310	0	0.51	0.69731	11
38311	0	0.54	0.47793	11
38312	0	0.5	0.50322	11
38313	0	0.48	0.70164	11
38314	4.6	0.46	0.61645	11
38315	9.1	0.46	0.61129	11
38316	25.7	0.83	0.68773	11
38317	0.3	3.74	0.42241	11
38318	2.8	2.4	0.43439	11
38319	0	1.75	0.38871	11
38320	0	1.32	0.3935	11
38321	13.7	1.05	0.32794	11
38322	4.3	1.11	0.36001	12
38323	0	2.04	0.39209	12
38324	0	1.9	0.44951	12
38325	0	1.59	0.44012	12
38326	5.1	1.33	0.33094	12
38327	40.1	1.11	0.19716	12
38328	18.8	1.5	0.20835	12
38329	83.1	7.17	0.49173	12
38330	54.1	27.45	0.42589	12
38331	3.6	30.89	0.48272	12
38332	18.3	18.86	0.57285	12
38333	0	11.72	0.44424	12
38334	12.2	8.82	0.57858	12
38335	13	4.87	0.49762	12
38336	0	5.85	0.49025	12
38337	0	5.4	0.54368	12
38338	0	4.03	0.56502	12
38339	0	2.95	0.65239	12
38340	0	2.43	0.53111	12
38341	0	2.12	0.50555	12
38342	1	1.91	0.35642	12
38343	0.5	1.74	0.52711	12
38344	0	1.6	0.38159	12
38345	0	1.47	0.43016	12
38346	3	1.37	0.47297	12
38347	10.2	1.31	0.3553	12
38348	0	1.57	0.48944	12
38349	0	1.43	0.51449	12
38350	8.1	1.29	0.40468	12
38351	1.8	1.33	0.48233	12
38352	5.6	1.43	0.33747	12
38353	6.4	1.47	0.3822	1
38354	0	1.75	0.30667	1
38355	0	1.85	0.31025	1
38356	0	1.7	0.29653	1
38357	0	1.55	0.38364	1
38358	3.6	1.4	0.25708	1
38359	9.1	1.34	0.20265	1
38360	11.9	1.39	0.18356	1
38361	7.9	1.35	0.2235	1
38362	0.8	1.26	0.29282	1
38363	0	1.2	0.32834	1
38364	9.9	1.31	0.24592	1
38365	1.8	1.4	0.32385	1
38366	0	2.03	0.36347	1
38367	12.2	2.16	0.33572	1
38368	1.3	2.87	0.46809	1
38369	24.9	5.14	0.45323	1
38370	11.9	7.05	0.81758	1
38371	0	15.72	0.77787	1
38372	0	9.2	0.76779	1
38373	0	5.05	0.75396	1
38374	0	3.42	0.82839	1
38375	0	2.67	0.76879	1
38376	0	2.28	0.81185	1
38377	0	2	0.83047	1
38378	8.6	1.81	0.67289	1
38379	1.3	1.74	0.56631	1
38380	6.1	1.71	0.54156	1
38381	7.4	1.6	0.61401	1
38382	0	1.74	0.76412	1
38383	0	1.72	0.72082	1
38384	0	1.62	0.69945	2
38385	0	1.49	0.8273	2
38386	0	1.38	0.96231	2
38387	7.4	1.29	0.72781	2
38388	1.5	1.29	0.65745	2
38389	14	1.29	0.40829	2
38390	2	1.37	0.42447	2
38391	0	1.74	0.58492	2
38392	0	1.76	0.6799	2
38393	0	1.66	0.83563	2
38394	0	1.57	0.86425	2
38395	26.9	1.47	0.7597	2
38396	3	1.61	0.6711	2
38397	0	4.03	0.53864	2
38398	0	3.46	0.65615	2
38399	0	2.69	0.74846	2
38400	0	2.23	0.96307	2
38401	0	1.94	1.056	2
38402	20.6	1.73	0.90424	2
38403	12.4	1.82	0.82958	2
38404	0	5.41	1.1031	2
38405	0	4.47	1.0687	2
38406	0	3.07	1.2204	2
38407	0	2.39	1.2908	2
38408	0	2.03	1.2701	2
38409	0	1.79	1.3933	2
38410	0	1.63	1.3721	2
38411	4.6	1.49	0.93694	2
38412	0	1.37	1.313	3
38413	1	1.25	1.2327	3
38414	0	1.14	1.3877	3
38415	0	1.06	1.4294	3
38416	0	0.98	1.6169	3
38417	0	0.91	1.7679	3
38418	0	0.88	1.7631	3
38419	0	0.85	1.7809	3
38420	0	0.82	1.9626	3
38421	0	0.8	2.0323	3
38422	0	0.79	2.133	3
38423	0	0.77	2.2338	3
38424	0	0.76	2.0243	3
38425	0	0.75	1.9975	3
38426	0	0.73	1.9326	3
38427	9.7	0.72	1.6444	3
38428	2	0.73	1.2812	3
38429	6.9	0.79	1.3234	3
38430	14.2	0.75	1.3571	3
38431	10.4	1.15	1.4015	3
38432	3.3	0.98	1.2784	3
38433	13.5	1.13	1.3696	3
38434	14	1.57	1.2677	3
38435	19.6	2.07	0.84258	3
38436	1	4.14	1.2281	3
38437	54.1	4.38	1.4628	3
38438	61.2	9.69	1.2655	3
38439	37.8	35.18	1.3259	3
38440	25.1	22.55	1.3148	3
38441	4.8	22.89	1.4268	3
38442	0	14.22	1.8568	3
38443	9.7	9.12	1.3687	4
38444	0	6.71	1.74	4
38445	17.5	5.47	1.1255	4
38446	8.1	5.14	1.3439	4
38447	0.8	6.01	1.8896	4
38448	0	5.76	2.4909	4
38449	24.4	4.55	1.4309	4
38450	14.5	4.02	1.9628	4
38451	1.5	5.02	1.589	4
38452	4.1	5.95	2.3394	4
38453	16.5	4.9	1.5856	4
38454	4.3	5.86	1.4899	4
38455	3.6	5.12	1.786	4
38456	4.8	4.15	1.8282	4
38457	1.8	3.67	2.5128	4
38458	9.7	3.15	1.9724	4
38459	5.1	3.06	1.6193	4
38460	4.1	3.11	2.1234	4
38461	1	2.93	2.3969	4
38462	0	2.71	3.1163	4
38463	2.3	2.45	3.0107	4
38464	0.8	2.2	3.7946	4
38465	25.9	2.02	1.5522	4
38466	1.5	2.78	2.5823	4
38467	0	2.9	2.8983	4
38468	1.5	2.48	3.9519	4
38469	2.8	2.22	3.9917	4
38470	0	2.06	2.7991	4
38471	0	1.86	1.9374	4
38472	0	1.68	3.816	4
38473	6.9	1.56	3.6444	5
38474	0	1.51	2.9588	5
38475	3.6	1.39	4.2864	5
38476	8.4	1.27	2.8906	5
38477	5.6	1.55	2.6377	5
38478	3.8	1.5	1.6647	5
38479	1.5	1.48	2.9866	5
38480	11.7	1.41	2.7676	5
38481	26.7	1.63	2.2464	5
38482	14.7	2.91	2.4754	5
38483	0	9.78	2.3842	5
38484	0	6.46	3.8039	5
38485	0	3.75	4.25	5
38486	4.6	2.66	3.757	5
38487	15	2.22	2.7002	5
38488	23.1	2.18	2.4055	5
38489	9.7	4.91	2.0329	5
38490	28.7	6.96	3.2049	5
38491	2.8	9.18	2.6522	5
38492	14	10.16	2.5536	5
38493	5.3	6.94	2.7226	5
38494	0.5	6.2	3.4852	5
38495	0	4.96	4.2904	5
38496	0	3.77	5.1736	5
38497	0	2.92	6.3857	5
38498	0	2.42	6.9618	5
38499	0.8	2.07	6.916	5
38500	13	1.83	4.1432	5
38501	0.8	1.78	2.6817	5
38502	0	1.74	3.6108	5
38503	6.4	1.49	3.0209	5
38504	10.9	1.37	2.3869	6
38505	1.5	1.69	2.8564	6
38506	0	1.63	4.3225	6
38507	0.5	1.42	4.7293	6
38508	14.7	1.25	2.3571	6
38509	20.8	1.36	2.6242	6
38510	23.1	1.87	2.9166	6
38511	0	7.74	4.1802	6
38512	0	5.2	5.2565	6
38513	2	3.04	4.1904	6
38514	3	2.27	2.9334	6
38515	0	1.93	4.2385	6
38516	2.8	1.65	4.4438	6
38517	0	1.44	4.0346	6
38518	0	1.27	5.4619	6
38519	17.5	1.14	2.7379	6
38520	8.4	1.32	3.5087	6
38521	3.3	1.48	2.9403	6
38522	1.3	1.34	4.7055	6
38523	0	1.2	5.3203	6
38524	0	1.04	5.1878	6
38525	0	0.94	4.3958	6
38526	0	0.89	6.0901	6
38527	0	0.84	5.9533	6
38528	0	0.73	5.2744	6
38529	0	0.68	5.2157	6
38530	1	0.65	3.0974	6
38531	1	0.66	4.2719	6
38532	0	0.61	6.3184	6
38533	0	0.56	6.3597	6
38534	0	0.52	5.6895	7
38535	0	0.49	5.2672	7
38536	0	0.47	5.9599	7
38537	0	0.45	6.5106	7
38538	0	0.42	6.3936	7
38539	1.5	0.4	4.3752	7
38540	0	0.42	5.0093	7
38541	4.3	0.38	4.4713	7
38542	0.5	0.41	3.8561	7
38543	4.6	0.4	3.4995	7
38544	0	0.43	5.2909	7
38545	0	0.36	5.0936	7
38546	0	0.34	5.7041	7
38547	0	0.34	6.7937	7
38548	0	0.32	6.4506	7
38549	0	0.3	5.6406	7
38550	0	0.29	7.1558	7
38551	0	0.27	7.2613	7
38552	0	0.26	6.6003	7
38553	0	0.23	6.895	7
38554	0	0.21	6.6787	7
38555	2	0.22	4.9242	7
38556	0	0.23	6.1612	7
38557	0	0.21	6.4764	7
38558	0	0.19	7.4439	7
38559	0	0.18	7.3223	7
38560	0	0.17	7.2008	7
38561	0	0.15	7.0792	7
38562	0	0.15	6.9577	7
38563	0	0.15	6.8361	7
38564	0	0.14	6.7146	7
38565	0	0.13	6.593	8
38566	0	0.13	6.4715	8
38567	0	0.14	6.3499	8
38568	0	0.12	6.2283	8
38569	0	0.1	6.1068	8
38570	0	0.09	5.9852	8
38571	0	0.09	5.8637	8
38572	0	0.09	5.7421	8
38573	0	0.09	5.6206	8
38574	0	0.08	5.499	8
38575	0	0.08	5.3775	8
38576	0	0.08	5.2559	8
38577	0	0.08	6.0285	8
38578	0	0.08	5.9466	8
38579	0	0.06	5.7769	8
38580	0	0.06	5.1557	8
38581	0	0.06	4.734	8
38582	0	0.07	5.0308	8
38583	0	0.07	5.2281	8
38584	0	0.07	5.2257	8
38585	0	0.06	4.8491	8
38586	0	0.05	4.3582	8
38587	0	0.06	4.1255	8
38588	0	0.06	5.0392	8
38589	0	0.06	5.1531	8
38590	0	0.04	4.6446	8
38591	0	0.04	4.7093	8
38592	0	0.04	4.5612	8
38593	0.8	0.04	2.6067	8
38594	0	0.05	3.2974	8
38595	0	0.08	4.1258	8
38596	0	0.06	4.2143	9
38597	0	0.06	3.5595	9
38598	0	0.05	3.1566	9
38599	0	0.06	3.2312	9
38600	0	0.06	3.5088	9
38601	0	0.05	3.4789	9
38602	0	0.05	3.639	9
38603	0	0.05	3.6405	9
38604	8.6	0.05	2.0588	9
38605	19.8	0.05	1.8304	9
38606	0	0.28	2.0375	9
38607	0	0.16	2.4757	9
38608	0	0.1	2.7451	9
38609	0	0.09	2.6732	9
38610	0	0.08	2.453	9
38611	0.8	0.08	2.404	9
38612	0.3	0.08	2.2924	9
38613	0	0.09	2.5175	9
38614	0	0.09	2.5779	9
38615	0	0.08	2.4905	9
38616	0	0.08	2.4676	9
38617	0	0.08	2.288	9
38618	0	0.08	2.1256	9
38619	0	0.07	2.119	9
38620	0	0.08	2.3937	9
38621	0	0.08	2.6184	9
38622	0	0.07	2.4474	9
38623	0	0.06	2.4353	9
38624	0	0.07	2.5938	9
38625	22.9	0.07	2.1254	9
38626	19.6	0.09	1.3383	10
38627	8.6	0.66	1.0046	10
38628	15	0.33	1.1833	10
38629	0	0.68	1.0881	10
38630	0	0.4	1.4819	10
38631	0	0.29	1.716	10
38632	2	0.24	1.468	10
38633	6.4	0.23	1.4245	10
38634	1.8	0.24	1.1833	10
38635	0	0.27	1.3167	10
38636	0	0.26	1.4502	10
38637	0	0.23	1.6632	10
38638	0	0.22	1.4356	10
38639	5.6	0.21	1.7417	10
38640	14.5	0.22	0.92712	10
38641	0.5	0.4	1.0535	10
38642	0	0.46	1.5948	10
38643	0	0.34	1.4612	10
38644	11.9	0.3	0.84221	10
38645	0.5	0.4	1.2135	10
38646	0	0.39	1.432	10
38647	0	0.33	1.3502	10
38648	0	0.29	1.3002	10
38649	0	0.29	1.2089	10
38650	5.8	0.26	1.3166	10
38651	7.6	0.25	0.99836	10
38652	6.9	0.37	1.0739	10
38653	16.3	0.32	0.68009	10
38654	4.8	0.9	0.70707	10
38655	1.3	0.68	0.83507	10
38656	28.7	0.51	0.93544	10
38657	20.8	1.06	0.99499	11
38658	0.5	2.77	0.64461	11
38659	34.5	1.37	0.52239	11
38660	32.8	3.37	0.54447	11
38661	63	3.99	0.8411	11
38662	10.4	11.1	0.52457	11
38663	8.4	9.02	0.51525	11
38664	0	3.68	0.55349	11
38665	0	2.38	0.81833	11
38666	4.6	1.68	0.95365	11
38667	19.8	1.25	0.60862	11
38668	16.5	1.29	0.51516	11
38669	50.3	3.15	0.75323	11
38670	0	14.55	0.80679	11
38671	0	8.54	0.63382	11
38672	0	3.37	0.73309	11
38673	0	2.18	0.79027	11
38674	0	1.69	0.81992	11
38675	0	1.35	0.80998	11
38676	0	1.14	0.79159	11
38677	0	1.01	0.80512	11
38678	0	0.9	0.76161	11
38679	0	0.84	0.7205	11
38680	7.1	0.78	0.74162	11
38681	52.1	0.76	0.68147	11
38682	7.6	6.83	0.35871	11
38683	4.3	8.26	0.26583	11
38684	25.4	4.37	0.26063	11
38685	20.3	3.24	0.24125	11
38686	8.6	8.08	0.38164	11
38687	38.4	8.79	0.339	12
38688	37.3	13.27	0.23069	12
38689	17.5	12.77	0.18473	12
38690	0.3	7.95	0.33129	12
38691	0	5.6	0.3132	12
38692	0	3.97	0.32831	12
38693	7.9	3.04	0.34341	12
38694	0	2.61	0.35852	12
38695	0	2.35	0.37362	12
38696	0	2.33	0.38873	12
38697	0	2.62	0.40042	12
38698	0	3.5	0.31906	12
38699	0	3.97	0.30764	12
38700	0	3.13	0.34997	12
38701	0	2.55	0.37561	12
38702	0	2.19	0.36757	12
38703	0	1.94	0.34758	12
38704	5.3	1.75	0.35556	12
38705	37.6	1.62	0.30415	12
38706	0.5	6.56	0.40072	12
38707	19.6	11.08	0.37218	12
38708	40.1	9.4	0.59147	12
38709	0	19.84	0.58878	12
38710	0	15.43	0.63184	12
38711	13.7	8.09	0.4857	12
38712	15.2	5.7	0.33853	12
38713	57.7	5.37	0.36083	12
38714	43.4	18.22	0.51404	12
38715	30.5	32.86	0.39544	12
38716	131.3	24.59	0.63293	12
38717	36.8	88.84	0.52087	12
38718	3.6	48.42	0.46316	1
38719	4.8	21.06	0.40548	1
38720	7.6	8.16	0.31945	1
38721	0	7.62	0.53132	1
38722	0	5.95	0.60707	1
38723	7.4	4.8	0.52541	1
38724	38.6	4.03	0.53403	1
38725	15.2	5.99	0.36132	1
38726	48.3	13.53	0.43096	1
38727	98.8	15.06	0.6427	1
38728	37.1	67.06	0.53792	1
38729	27.4	43.1	0.29847	1
38730	30.2	22.75	0.43244	1
38731	14.5	24.65	0.53967	1
38732	4.6	22.81	0.32688	1
38733	33.8	14.28	0.17515	1
38734	64.3	10.21	0.37557	1
38735	13	41.76	0.37531	1
38736	10.7	26.32	0.40144	1
38737	36.8	15.71	0.34907	1
38738	4.6	19.01	0.40581	1
38739	0	16.49	0.45944	1
38740	0	9.88	0.56762	1
38741	0	6.69	0.66317	1
38742	5.1	5.21	0.59881	1
38743	16.8	4.41	0.4128	1
38744	26.2	4.06	0.4133	1
38745	39.1	6.37	0.47925	1
38746	32	16.54	0.40877	1
38747	32.3	18.02	0.66022	1
38748	56.4	26.67	0.4041	1
38749	4.8	20.78	0.54152	2
38750	25.9	37.5	0.61507	2
38751	4.6	16.58	0.63187	2
38752	43.7	16.79	0.75931	2
38753	0	16.43	0.43973	2
38754	0	14.34	0.77653	2
38755	0	9.32	0.8556	2
38756	0	6.48	0.91504	2
38757	0	4.94	0.79558	2
38758	0	4.02	0.83004	2
38759	0	3.31	0.95485	2
38760	0	2.82	0.95763	2
38761	0	2.49	0.93855	2
38762	6.6	2.28	0.53731	2
38763	0	2.15	0.51127	2
38764	0	2	0.60342	2
38765	0	1.87	0.52	2
38766	0	1.72	0.68304	2
38767	0	1.64	0.76361	2
38768	0	1.55	0.93054	2
38769	1.3	1.46	0.7756	2
38770	0	1.41	0.85687	2
38771	0	1.35	1.0951	2
38772	0	1.26	1.0169	2
38773	0	1.2	1.2877	2
38774	2.5	1.12	1.3546	2
38775	30.5	1.06	0.80138	2
38776	27.2	2.04	0.76447	2
38777	1.8	5.77	0.99399	3
38778	2	5.53	0.95813	3
38779	2.5	3.71	1.1324	3
38780	0	2.79	0.99912	3
38781	0	2.32	1.2765	3
38782	12.7	2.03	0.92249	3
38783	8.4	1.89	0.95187	3
38784	33.8	2.12	0.73144	3
38785	21.8	4.32	0.68939	3
38786	5.1	6.75	0.81178	3
38787	0	4.19	0.72587	3
38788	0	3.24	0.64239	3
38789	2.5	2.93	0.77945	3
38790	3.6	2.8	0.77071	3
38791	2	2.63	0.86982	3
38792	13.2	2.72	0.85223	3
38793	12.7	4.43	1.0444	3
38794	1.3	6.5	0.91262	3
38795	0	6.54	1.0326	3
38796	2.3	4.87	1.3826	3
38797	16.5	3.7	1.1731	3
38798	0	3.65	1.2916	3
38799	0	4.44	1.5834	3
38800	4.6	4.2	1.3747	3
38801	21.6	3.87	0.89361	3
38802	1.5	4.31	1.3146	3
38803	0	5.37	1.8912	3
38804	0.5	4.61	1.6951	3
38805	7.6	3.69	1.6219	3
38806	4.1	3.19	1.5312	3
38807	4.3	2.85	1.7039	3
38808	9.1	2.7	1.4474	4
38809	3.3	2.75	1.6885	4
38810	5.6	2.82	1.6644	4
38811	0	2.79	1.8332	4
38812	6.1	2.7	1.2932	4
38813	0	2.54	1.7569	4
38814	1.3	2.39	2.3972	4
38815	7.1	2.25	1.4769	4
38816	4.6	2.17	1.9319	4
38817	3.6	2.14	1.7114	4
38818	1.8	2.25	2.048	4
38819	1.3	2.2	2.3456	4
38820	4.6	2.07	2.027	4
38821	16.3	1.98	1.9169	4
38822	25.4	2.31	1.2956	4
38823	1.3	4.93	1.8546	4
38824	9.4	6.06	1.605	4
38825	0	4.15	2.2926	4
38826	0	3.47	3.1003	4
38827	0.8	2.88	3.3521	4
38828	0	2.46	2.539	4
38829	0	2.15	3.4197	4
38830	0	1.91	4.0015	4
38831	0	1.74	3.9319	4
38832	0	1.61	3.982	4
38833	0	1.45	3.7059	4
38834	0	1.31	4.3352	4
38835	0	1.22	5.0682	4
38836	0	1.13	3.9794	4
38837	0	1.02	4.1515	4
38838	0	0.95	3.6621	5
38839	0	0.91	4.3855	5
38840	0	0.87	4.8722	5
38841	0	0.83	5.0001	5
38842	0	0.8	5.1209	5
38843	0	0.78	3.9894	5
38844	10.9	0.74	1.5925	5
38845	0	0.79	3.1174	5
38846	0	0.76	4.5321	5
38847	0	0.71	4.6509	5
38848	0	0.68	4.5844	5
38849	0	0.66	4.221	5
38850	0	0.63	5.1704	5
38851	0	0.61	6.1472	5
38852	0	0.58	6.2492	5
38853	0	0.55	6.3512	5
38854	0	0.53	6.657	5
38855	0	0.52	6.4064	5
38856	3.3	0.49	3.8107	5
38857	8.9	0.52	3.3	5
38858	2.8	0.6	3.8208	5
38859	3	0.55	3.0367	5
38860	14.5	0.55	2.9838	5
38861	11.9	0.64	2.0565	5
38862	8.6	0.85	2.9665	5
38863	13.7	0.73	2.4586	5
38864	11.7	1.18	1.7776	5
38865	14.5	0.98	2.6087	5
38866	0	2.22	3.9497	5
38867	0	1.64	5.6155	5
38868	0	1.05	4.1157	5
38869	10.4	0.83	3.3854	6
38870	18.5	0.82	2.8331	6
38871	2.3	2.21	3.9538	6
38872	8.1	2.01	3.1245	6
38873	0	1.88	4.7961	6
38874	0	1.57	4.9391	6
38875	0	1.19	4.5141	6
38876	0	0.93	4.3614	6
38877	0	0.82	4.635	6
38878	0	0.75	4.6685	6
38879	4.1	0.68	6.097	6
38880	5.6	0.65	3.0616	6
38881	5.3	0.68	2.8732	6
38882	0.5	0.68	3.0946	6
38883	0	0.64	3.8942	6
38884	3.6	0.59	3.6443	6
38885	0	0.6	4.9702	6
38886	0	0.55	4.9365	6
38887	0	0.51	4.9041	6
38888	0	0.49	5.5391	6
38889	0	0.48	5.3947	6
38890	0	0.45	6.2267	6
38891	0	0.43	6.4904	6
38892	0	0.4	7.4867	6
38893	0	0.38	8.4004	6
38894	0	0.34	8.3442	6
38895	0	0.31	6.8908	6
38896	0	0.31	6.2853	6
38897	24.1	0.2	3.8883	6
38898	3	0.48	5.6747	6
38899	0	0.31	5.8803	7
38900	0	0.28	6.3675	7
38901	0	0.23	6.3765	7
38902	0	0.21	5.6161	7
38903	0	0.21	2.9017	7
38904	0	0.22	3.4935	7
38905	0	0.22	6.0794	7
38906	0	0.2	6.7208	7
38907	0	0.17	6.581	7
38908	0	0.15	5.5573	7
38909	0	0.15	4.9298	7
38910	1.8	0.15	3.8396	7
38911	0	0.16	5.8179	7
38912	0	0.17	6.37	7
38913	0	0.14	6.0619	7
38914	0	0.13	6.4462	7
38915	0	0.12	6.1224	7
38916	0	0.11	5.9713	7
38917	0	0.1	6.4935	7
38918	0	0.09	7.1717	7
38919	0	0.09	7.3987	7
38920	0	0.07	5.7028	7
38921	0	0.07	7.4309	7
38922	0	0.07	7.0305	7
38923	0	0.06	6.8962	7
38924	0	0.06	6.9708	7
38925	0	0.06	6.4924	7
38926	0	0.06	5.668	7
38927	0	0.06	4.9776	7
38928	0	0.06	4.6282	7
38929	0	0.07	4.2789	7
38930	0	0.07	5.2687	8
38931	0	0.06	4.5048	8
38932	0	0.06	5.5195	8
38933	0	0.06	5.6744	8
38934	0	0.06	5.8583	8
38935	0	0.05	5.8477	8
38936	4.8	0.05	5.6074	8
38937	0	0.05	4.2667	8
38938	0	0.08	5.4628	8
38939	0	0.07	4.815	8
38940	0	0.05	4.7141	8
38941	0	0.05	5.0482	8
38942	0	0.05	5.4529	8
38943	0	0.05	5.4059	8
38944	0	0.04	4.6656	8
38945	0	0.04	3.9332	8
38946	0	0.04	4.6237	8
38947	0	0.05	5.3797	8
38948	0	0.04	5.3131	8
38949	0	0.03	5.2515	8
38950	0	0.03	4.5103	8
38951	0	0.03	4.5458	8
38952	0	0.03	4.2129	8
38953	0	0.03	4.0525	8
38954	0	0.04	4.9188	8
38955	0	0.04	4.9516	8
38956	0	0.03	4.9687	8
38957	0	0.03	5.0523	8
38958	0	0.03	3.2883	8
38959	0	0.02	3.2017	8
38960	0	0.03	4.2643	8
38961	0	0.04	4.7503	9
38962	0	0.03	4.7072	9
38963	0	0.02	4.3395	9
38964	0	0.02	4.1438	9
38965	0	0.02	3.9671	9
38966	0	0.02	3.919	9
38967	0	0.02	3.6954	9
38968	0	0.02	3.4421	9
38969	0	0.03	2.928	9
38970	0	0.03	3.4268	9
38971	0	0.03	3.5423	9
38972	0	0.03	3.5534	9
38973	0	0.03	3.1616	9
38974	12.7	0.03	2.0258	9
38975	15.2	0.03	1.55	9
38976	4.8	0.22	1.7287	9
38977	0	0.19	2.2928	9
38978	0.5	0.11	2.2012	9
38979	3.8	0.09	1.3284	9
38980	13	0.1	1.6839	9
38981	2.3	0.12	1.3543	9
38982	0	0.27	1.5587	9
38983	0	0.13	2.4498	9
38984	0	0.09	2.4495	9
38985	0	0.07	2.6005	9
38986	0	0.06	2.6791	9
38987	0	0.06	2.6083	9
38988	0	0.06	2.5462	9
38989	0	0.16	2.5759	9
38990	0	0.16	2.2516	9
38991	0	0.14	2.042	10
38992	0	0.14	1.9807	10
38993	0	0.15	1.7302	10
38994	0	0.16	1.7494	10
38995	0	0.16	1.9619	10
38996	0	0.16	1.5864	10
38997	0	0.17	1.4358	10
38998	0	0.18	1.9995	10
38999	0	0.2	1.7536	10
39000	0	0.17	1.8771	10
39001	0	0.15	1.9898	10
39002	0	0.13	2.0269	10
39003	0	0.13	1.9451	10
39004	0	0.13	1.8638	10
39005	17.8	0.14	0.97509	10
39006	30.2	0.19	0.80724	10
39007	1.3	0.73	1.0397	10
39008	0.8	0.33	1.0604	10
39009	11.7	0.24	1.0578	10
39010	0	0.34	1.2359	10
39011	0	0.31	1.2165	10
39012	0	0.27	1.3275	10
39013	0	0.24	1.2107	10
39014	4.1	0.22	0.85711	10
39015	1.3	0.21	0.91055	10
39016	0	0.23	1.1388	10
39017	0	0.21	1.1879	10
39018	0	0.19	1.1848	10
39019	0.5	0.19	0.9935	10
39020	0	0.19	0.77004	10
39021	0	0.18	0.80954	10
39022	0	0.2	1.0248	11
39023	27.2	0.22	0.85846	11
39024	26.7	0.54	0.67327	11
39025	31.8	1.1	0.64446	11
39026	72.4	1.21	0.70041	11
39027	12.2	11.1	0.79508	11
39028	84.8	3.16	1.1759	11
39029	24.6	16.9	0.7289	11
39030	8.9	9.05	0.52665	11
39031	19.3	7.01	0.54781	11
39032	7.9	4.37	0.55714	11
39033	38.6	5.73	0.66024	11
39034	40.1	5.11	0.51712	11
39035	1	15.52	0.4603	11
39036	30.5	11.65	0.77914	11
39037	0.5	5.74	0.60103	11
39038	0	9.68	0.58414	11
39039	0	4.44	0.67821	11
39040	22.4	2.73	0.62927	11
39041	3.3	2.45	0.68552	11
39042	23.6	4.01	0.43486	11
39043	39.6	4.32	0.4289	11
39044	45.5	12.48	0.3637	11
39045	39.4	14.88	0.38838	11
39046	2	19.26	0.38152	11
39047	48	15.66	0.3161	11
39048	17	13.24	0.30507	11
39049	4.3	14.04	0.32072	11
39050	0	6.91	0.38693	11
39051	15.5	4.35	0.18452	11
39052	0	5.4	0.18977	12
39053	0	6.77	0.26472	12
39054	0	5.21	0.29688	12
39055	0	4.04	0.30827	12
39056	0	3.33	0.34091	12
39057	0	3.04	0.41056	12
39058	0	2.92	0.44374	12
39059	0	2.84	0.42337	12
39060	7.4	2.7	0.53212	12
39061	6.1	2.62	0.37664	12
39062	21.8	2.39	0.46163	12
39063	27.7	2.96	0.3123	12
39064	73.7	5.37	0.51993	12
39065	64.5	40.27	0.53478	12
39066	20.1	43.53	0.41575	12
39067	0	20.21	0.26101	12
39068	0	11.63	0.25528	12
39069	0	6.86	0.31276	12
39070	0	4.69	0.28748	12
39071	2.5	3.68	0.29953	12
39072	23.4	3.03	0.30618	12
39073	1.5	6.14	0.27971	12
39074	23.1	5.44	0.45794	12
39075	14.7	7.24	0.43593	12
39076	58.2	7.58	0.40631	12
39077	27.2	24.99	0.41869	12
39078	14.5	33.63	0.36656	12
39079	0	17.54	0.22776	12
39080	0	10.71	0.26867	12
39081	0	6.87	0.30444	12
39082	0	4.84	0.31213	12
39083	0	3.77	0.39278	1
39084	19.1	3.06	0.4493	1
39085	83.1	2.79	0.48252	1
39086	25.1	33.34	0.29363	1
39087	12.7	22.68	0.16916	1
39088	30.5	12.16	0.24512	1
39089	22.6	12.72	0.34019	1
39090	7.6	16.09	0.37702	1
39091	10.7	23.35	0.46081	1
39092	16.5	14.39	0.38393	1
39093	1.8	11.18	0.33843	1
39094	0	7.76	0.22407	1
39095	0	5.48	0.29365	1
39096	0	4.35	0.29749	1
39097	0	3.58	0.34076	1
39098	4.8	3.01	0.33755	1
39099	0	2.71	0.27574	1
39100	0	2.43	0.27872	1
39101	4.1	2.24	0.28755	1
39102	4.1	2.17	0.37793	1
39103	0	2.62	0.33293	1
39104	0	2.47	0.42118	1
39105	0	2.27	0.47101	1
39106	0	2.19	0.52358	1
39107	0	2.24	0.50887	1
39108	0	2.24	0.56564	1
39109	0	2.15	0.52314	1
39110	0	2.02	0.51032	1
39111	0	1.89	0.60032	1
39112	0	1.76	0.56306	1
39113	0	1.68	0.60458	1
39114	0	1.58	0.63919	2
39115	0.5	1.48	0.72119	2
39116	0	1.37	0.70683	2
39117	0	1.29	1.0632	2
39118	0	1.23	1.0011	2
39119	0	1.21	1.0237	2
39120	8.6	1.16	0.90225	2
39121	4.6	1.15	0.83728	2
39122	3.8	1.23	0.92841	2
39123	14.2	1.37	0.90956	2
39124	16	1.37	0.6419	2
39125	3.8	3.07	0.69773	2
39126	3.8	3.37	0.79224	2
39127	23.4	2.76	0.64285	2
39128	86.6	2.83	0.90774	2
39129	19.1	32.26	0.76135	2
39130	0	30.27	0.93276	2
39131	14.2	13.23	0.83901	2
39132	22.4	7.77	0.58812	2
39133	31.8	6.86	0.7349	2
39134	10.2	13.57	0.53505	2
39135	7.6	11.89	0.46335	2
39136	15	8.12	0.43762	2
39137	25.9	6.87	0.33504	2
39138	13.7	7.93	0.54707	2
39139	1.3	12.06	0.6049	2
39140	5.1	9.89	0.47572	2
39141	13.5	6.49	0.49203	2
39142	24.9	4.72	0.41183	3
39143	33.5	4.01	0.3924	3
39144	3	7.98	0.72806	3
39145	0	15.29	0.92894	3
39146	0	15.6	1.104	3
39147	0	13.98	1.1891	3
39148	9.1	10.45	1.0769	3
39149	0.5	8.01	1.0659	3
39150	16.5	6.61	0.88507	3
39151	2	6.08	1.2919	3
39152	2	6.71	1.6072	3
39153	10.4	5.66	1.4307	3
39154	0.5	5.11	1.3442	3
39155	0	4.73	1.239	3
39156	0	4.04	1.5668	3
39157	0	3.4	2.0999	3
39158	1.3	2.9	2.1884	3
39159	1.5	2.57	1.2931	3
39160	19.1	2.33	1.6137	3
39161	14	2.27	1.1952	3
39162	0	3.81	1.1157	3
39163	0	3.33	1.7515	3
39164	0	2.8	2.0937	3
39165	0.3	2.41	2.2515	3
39166	20.3	2.14	1.9047	3
39167	11.2	3	1.4358	3
39168	3.3	2.9	1.0451	3
39169	0	3.03	1.3402	3
39170	0	2.79	2.1934	3
39171	2	2.53	2.347	3
39172	9.1	2.23	1.5182	3
39173	0	2.09	1.324	4
39174	0	1.95	1.7368	4
39175	0	1.78	2.3188	4
39176	0	1.65	2.2692	4
39177	0	1.56	3.0169	4
39178	2.8	1.44	3.3463	4
39179	17.3	1.35	2.1655	4
39180	12.2	1.72	1.9193	4
39181	27.9	1.74	1.2943	4
39182	0	3.61	1.8824	4
39183	13.2	3.83	1.6164	4
39184	8.1	3.03	1.6458	4
39185	0.8	3.53	2.163	4
39186	6.9	3.5	1.5543	4
39187	0.5	2.94	2.1943	4
39188	4.8	2.52	2.1177	4
39189	8.1	2.23	1.3983	4
39190	8.6	2.14	1.5679	4
39191	0	2.16	1.9292	4
39192	0	2.24	3.0856	4
39193	21.1	2.08	1.4334	4
39194	3.6	2.41	2.3368	4
39195	0	3.45	2.5588	4
39196	0	3	3.367	4
39197	0	2.49	2.9335	4
39198	0	2.13	3.7121	4
39199	0	1.87	4.2103	4
39200	0	1.68	4.2018	4
39201	0	1.54	3.2571	4
39202	0	1.39	3.9077	4
39203	4.6	1.25	2.284	5
39204	22.1	1.16	2.1652	5
39205	11.9	1.4	2.0893	5
39206	5.3	1.87	1.9568	5
39207	0	1.8	2.7501	5
39208	0	1.68	3.5465	5
39209	0	1.49	4.5544	5
39210	0	1.33	5.2563	5
39211	0	1.18	4.4077	5
39212	0	1.05	4.6695	5
39213	0	0.96	4.2717	5
39214	0	0.9	2.2449	5
39215	0	0.88	3.8743	5
39216	0	0.84	5.5493	5
39217	0	0.81	5.6245	5
39218	0	0.75	4.8566	5
39219	0	0.72	4.8914	5
39220	0	0.69	4.9743	5
39221	0	0.67	3.7158	5
39222	16.5	0.66	2.2625	5
39223	7.1	0.74	2.4445	5
39224	0.5	0.81	4.14	5
39225	0	0.7	5.1279	5
39226	0	0.64	5.3377	5
39227	0	0.61	4.9003	5
39228	0	0.59	5.6145	5
39229	0	0.56	3.7838	5
39230	0	0.56	5.407	5
39231	0	0.55	6.7792	5
39232	0	0.53	7.0393	5
39233	0	0.5	6.7259	5
39234	0	0.48	6.6407	6
39235	0	0.47	6.5133	6
39236	0	0.45	6.3907	6
39237	2.8	0.43	5.4583	6
39238	18.8	0.41	2.5562	6
39239	8.1	0.57	2.6026	6
39240	0	0.6	2.9256	6
39241	0	0.54	5.3779	6
39242	9.7	0.46	2.9349	6
39243	1	0.49	3.3202	6
39244	0	0.56	4.1427	6
39245	0	0.46	5.944	6
39246	0	0.41	5.1605	6
39247	0	0.38	5.1174	6
39248	0	0.39	5.7516	6
39249	0	0.38	4.3294	6
39250	0	0.39	5.1303	6
39251	0	0.39	5.6636	6
39252	0	0.37	6.6013	6
39253	0	0.35	6.5279	6
39254	0	0.33	5.5461	6
39255	0	0.32	4.4394	6
39256	0	0.32	4.2427	6
39257	0	0.33	4.3195	6
39258	0	0.32	6.063	6
39259	0	0.31	6.8804	6
39260	0	0.16	5.1197	6
39261	0	0.18	5.4962	6
39262	3.8	0.18	2.245	6
39263	10.2	0.28	5.2827	6
39264	0	0.21	5.5767	7
39265	0	0.18	5.8812	7
39266	0	0.16	6.5069	7
39267	0	0.14	7.1058	7
39268	0	0.13	6.664	7
39269	0	0.12	6.3646	7
39270	0	0.12	6.3189	7
39271	0	0.11	6.6335	7
39272	0	0.1	6.8582	7
39273	0	0.1	7.9693	7
39274	0	0.09	5.8772	7
39275	0	0.08	6.171	7
39276	0	0.08	6.2041	7
39277	0	0.08	6.3312	7
39278	0	0.08	5.9228	7
39279	0	0.08	4.6377	7
39280	2	0.07	2.4962	7
39281	15	0.09	2.8515	7
39282	1	0.22	4.2925	7
39283	1.8	0.17	3.4886	7
39284	0	0.13	4.8972	7
39285	0	0.13	6.0313	7
39286	0	0.11	5.7898	7
39287	0	0.09	5.5125	7
39288	0	0.08	6.015	7
39289	0	0.08	5.681	7
39290	0	0.07	6.1236	7
39291	0	0.07	5.7005	7
39292	0	0.06	5.3385	7
39293	0	0.06	5.3329	7
39294	0	0.06	6.1904	7
39295	0	0.05	5.6614	8
39296	0	0.05	5.6587	8
39297	0	0.04	5.5724	8
39298	0	0.03	5.2178	8
39299	0	0.04	4.8884	8
39300	0	0.04	4.6858	8
39301	0	0.04	4.3855	8
39302	0	0.04	4.9758	8
39303	0	0.04	4.5865	8
39304	0	0.04	5.0694	8
39305	0	0.04	5.2013	8
39306	0	0.04	4.823	8
39307	0	0.03	5.2622	8
39308	0	0.03	5.5936	8
39309	0	0.03	5.3438	8
39310	0	0.03	3.8986	8
39311	0	0.03	4.4741	8
39312	0	0.03	4.1535	8
39313	10.4	0.03	2.3546	8
39314	12.7	0.08	1.8166	8
39315	0	0.17	3.0767	8
39316	0	0.13	3.5004	8
39317	0	0.08	4.2346	8
39318	0	0.07	4.2852	8
39319	0	0.06	4.1665	8
39320	0	0.05	3.5778	8
39321	0	0.05	3.9116	8
39322	0	0.05	4.2581	8
39323	0	0.05	4.8171	8
39324	0	0.04	4.6769	8
39325	0	0.03	3.4931	8
39326	0	0.03	4.1664	9
39327	0	0.03	4.0331	9
39328	0	0.03	4.1085	9
39329	4.3	0.03	2.2848	9
39330	0	0.05	2.9134	9
39331	0	0.07	3.407	9
39332	0	0.05	3.0731	9
39333	0	0.05	3.8889	9
39334	0	0.04	4.2072	9
39335	0	0.03	3.9881	9
39336	0	0.02	3.9193	9
39337	0	0.02	3.4901	9
39338	0	0.02	2.3199	9
39339	0	0.02	2.3088	9
39340	0	0.04	2.676	9
39341	0	0.04	2.1818	9
39342	0.8	0.04	2.1683	9
39343	0	0.05	2.0832	9
39344	0	0.05	2.284	9
39345	0	0.05	2.6574	9
39346	0	0.04	2.725	9
39347	0	0.04	2.2923	9
39348	0	0.04	2.057	9
39349	0	0.05	2.2893	9
39350	0	0.05	2.5782	9
39351	0	0.05	2.5482	9
39352	0	0.05	2.5502	9
39353	20.1	0.04	1.2371	9
39354	2.8	0.12	1.2535	9
39355	37.8	0.16	1.0097	9
39356	10.4	0.58	1.2295	10
39357	17	0.6	1.2951	10
39358	32.5	0.37	1.1428	10
39359	10.7	1.42	0.99015	10
39360	0	1.42	1.0905	10
39361	1.3	0.57	1.2566	10
39362	0	0.39	1.3823	10
39363	0	0.32	1.442	10
39364	0	0.28	1.2315	10
39365	12.7	0.26	1.0088	10
39366	1.8	0.31	1.2571	10
39367	0	0.36	1.2761	10
39368	0	0.31	1.4411	10
39369	0	0.29	1.5709	10
39370	7.1	0.28	1.1195	10
39371	6.1	0.28	0.80906	10
39372	14.7	0.39	0.82315	10
39373	69.6	0.92	1.1888	10
39374	50	3.37	1.4446	10
39375	52.1	12.87	0.65071	10
39376	1.8	12.31	0.99985	10
39377	0	8.59	1.4409	10
39378	0	2.68	1.4279	10
39379	0	1.61	1.2034	10
39380	0	1.09	0.90089	10
39381	0	0.82	1.1155	10
39382	0	0.69	1.2661	10
39383	0	0.63	1.2482	10
39384	11.2	0.58	1.0782	10
39385	0	0.58	1.0751	10
39386	0	0.58	1.0506	10
39387	0	0.51	0.95265	11
39388	0	0.48	0.87686	11
39389	0	0.45	1.0286	11
39390	0	0.47	1.0472	11
39391	0	0.47	1.0775	11
39392	0	0.42	1.0296	11
39393	0	0.41	1.0472	11
39394	0	0.41	0.94784	11
39395	3.6	0.4	0.88492	11
39396	22.6	0.4	0.65735	11
39397	1.5	1.15	0.64769	11
39398	50.3	0.78	0.94688	11
39399	1.5	5.99	0.66415	11
39400	0	7.05	0.79261	11
39401	9.9	2.71	0.6712	11
39402	55.9	1.89	0.39537	11
39403	51.6	8.59	0.63488	11
39404	48.5	28.18	0.87997	11
39405	17	18.48	0.44105	11
39406	1.3	18.25	0.368	11
39407	0	10.95	0.40919	11
39408	0	5.86	0.36731	11
39409	0	3.7	0.47509	11
39410	0	2.75	0.4631	11
39411	0	2.29	0.48717	11
39412	22.4	1.97	0.46186	11
39413	5.3	1.92	0.37629	11
39414	14.2	2.47	0.34602	11
39415	16.5	2.53	0.38464	11
39416	0	7.76	0.33852	11
39417	3	6.62	0.25119	12
39418	32.8	4.11	0.50653	12
39419	37.3	4.95	0.64002	12
39420	13.2	14.8	0.5195	12
39421	10.7	16.77	0.44301	12
39422	10.9	9.16	0.42372	12
39423	2.5	8.05	0.42521	12
39424	4.3	7.09	0.36459	12
39425	0	5.02	0.31523	12
39426	0	3.87	0.28535	12
39427	0	3.17	0.36285	12
39428	0	2.71	0.38245	12
39429	0	2.37	0.30164	12
39430	1	2.12	0.44055	12
39431	11.2	1.96	0.41319	12
39432	7.6	1.97	0.383	12
39433	16.3	1.88	0.31663	12
39434	17.3	2.88	0.42545	12
39435	30	5.09	0.28203	12
39436	20.6	7.55	0.32112	12
39437	0.8	13.4	0.25006	12
39438	26.9	7.96	0.21978	12
39439	59.2	6.98	0.49613	12
39440	11.4	30.18	0.30659	12
39441	14.2	32.03	0.2253	12
39442	20.3	12.32	0.22971	12
39443	6.1	7.34	0.16978	12
39444	35.3	5.19	0.14225	12
39445	28.2	6.91	0.15504	12
39446	18.8	12.36	0.19399	12
39447	0	12.94	0.30221	12
39448	0	7.3217	0.31679	1
39449	0	4.9748	0.2231	1
39450	0.8	4.012	0.22098	1
39451	11.2	3.9584	0.39141	1
39452	15.5	7.0102	0.25708	1
39453	16.5	10.437	0.17166	1
39454	15	7.3626	0.22862	1
39455	59.9	5.2736	0.16188	1
39456	16	5.861	0.19713	1
39457	46.7	13.226	0.31813	1
39458	15.5	22.66	0.2898	1
39459	20.3	32.16	0.30803	1
39460	0	24.149	0.34783	1
39461	16.3	17.951	0.42077	1
39462	0	12.33	0.3598	1
39463	0	12.514	0.35072	1
39464	0	8.4148	0.40588	1
39465	0	5.7537	0.31133	1
39466	5.6	4.4666	0.37859	1
39467	5.8	3.8179	0.47427	1
39468	0	3.7439	0.36517	1
39469	0	3.3021	0.44016	1
39470	0	2.8551	0.48164	1
39471	0	2.6406	0.5064	1
39472	0	2.4848	0.52774	1
39473	36.6	2.2678	0.44891	1
39474	22.1	3.6545	0.3548	1
39475	12.7	11.648	0.33777	1
39476	33.8	6.7471	0.32702	1
39477	24.6	4.6351	0.31488	1
39478	56.9	3.5855	0.2199	1
39479	20.6	8.614	0.33582	2
39480	40.1	8.2181	0.2254	2
39481	6.4	5.3094	0.32642	2
39482	2.5	3.8971	0.36957	2
39483	15.2	3.1591	0.33477	2
39484	19.3	3.2306	0.36163	2
39485	48.3	5.0667	0.41393	2
39486	11.7	18.564	0.34432	2
39487	1.8	14.069	0.44841	2
39488	4.3	13.014	0.4085	2
39489	0.8	12.197	0.51722	2
39490	1.5	12.289	0.51835	2
39491	2	12.197	0.46899	2
39492	0	13.203	0.47738	2
39493	0	8.9128	0.60881	2
39494	0	6.7701	0.60226	2
39495	0	7.7738	0.68309	2
39496	0	8.2488	0.73131	2
39497	2	8.6395	0.78224	2
39498	0	10.159	0.63768	2
39499	0	10.442	0.72486	2
39500	0.8	10.057	0.75372	2
39501	3.6	8.2003	0.77577	2
39502	7.4	6.7803	0.71957	2
39503	5.3	6.6629	0.77804	2
39504	0	10.805	0.82201	2
39505	0	10.511	0.85754	2
39506	0	9.1298	0.94406	2
39507	17	8.3433	1.0378	2
39508	19.6	8.7774	0.68719	3
39509	0	15.41	0.67792	3
39510	4.3	11.62	0.83141	3
39511	2.3	7.8044	0.90938	3
39512	0	6.124	0.98561	3
39513	0	5.0718	1.1185	3
39514	6.9	4.3542	1.152	3
39515	12.2	4.178	1.0532	3
39516	0	8.4684	1.1581	3
39517	8.6	7.5976	1.4489	3
39518	3.3	6.7471	1.1568	3
39519	8.1	8.6293	1.2587	3
39520	29.7	6.3819	0.75088	3
39521	33.5	9.7683	0.83866	3
39522	15	15.328	0.9963	3
39523	2.5	16.12	0.97447	3
39524	26.9	11.832	0.86583	3
39525	35.6	10.054	1.2177	3
39526	13	28.49	0.88832	3
39527	15.7	18.903	1.0782	3
39528	0.8	12.585	1.1301	3
39529	0	10.432	1.5228	3
39530	8.4	8.0496	1.3445	3
39531	1.5	6.4739	1.3907	3
39532	1.3	6.1393	1.4675	3
39533	24.9	5.0693	0.83931	3
39534	3	5.3247	0.99753	3
39535	23.1	5.4549	0.82737	3
39536	6.1	5.1689	0.96667	3
39537	1.5	4.4385	1.0142	3
39538	0	4.2368	1.1319	3
39539	0	3.6417	1.3166	4
39540	0	3.2867	1.4846	4
39541	0	3.1412	1.702	4
39542	12.4	3.4476	1.4985	4
39543	11.9	4.0784	1.3952	4
39544	23.9	4.6735	1.3466	4
39545	10.7	7.5746	1.6068	4
39546	4.6	10.619	1.7071	4
39547	4.8	8.5425	1.7651	4
39548	1.5	6.3155	1.894	4
39549	0	5.0642	2.5878	4
39550	0	4.4385	3.2023	4
39551	0	4.6351	3.1316	4
39552	11.2	4.676	1.6207	4
39553	6.9	4.1065	1.5636	4
39554	0.8	3.537	2.1089	4
39555	0	3.1923	2.9532	4
39556	0.8	2.9573	1.5235	4
39557	10.7	2.8041	1.2195	4
39558	15.2	2.5972	1.4377	4
39559	7.6	2.4414	1.2089	4
39560	21.6	2.4619	1.4663	4
39561	13	4.464	1.8249	4
39562	3.3	7.7099	1.8891	4
39563	0	7.3371	2.5955	4
39564	0	6.1189	3.5444	4
39565	0	4.6632	3.7154	4
39566	1.5	3.9763	3.4128	4
39567	27.4	3.5038	1.6345	4
39568	10.4	3.9661	2.0745	4
39569	0	5.4013	2.6069	5
39570	0	5.4651	3.1758	5
39571	0	4.51	2.9241	5
39572	0	3.7592	4.2319	5
39573	0	3.1565	4.6019	5
39574	0	2.8526	3.9917	5
39575	0	2.6202	2.9657	5
39576	0	2.4031	2.8684	5
39577	0	2.2193	4.0595	5
39578	0	2.0584	3.5738	5
39579	1.5	1.9332	2.3369	5
39580	0.5	1.8311	3.7747	5
39581	1.8	1.6957	2.7103	5
39582	0	1.6217	4.0447	5
39583	0	1.5706	6.4729	5
39584	0	1.4889	6.894	5
39585	0	1.4046	6.9205	5
39586	0	1.328	6.0441	5
39587	0	1.2437	6.5273	5
39588	12.2	1.1492	3.1476	5
39589	15.2	1.2258	2.0794	5
39590	2.3	1.5502	1.9724	5
39591	3	1.4046	1.9804	5
39592	6.9	1.2539	3.9409	5
39593	0	1.1364	2.6183	5
39594	0	1.093	2.4548	5
39595	3.8	0.99343	3.1275	5
39596	16	0.93469	1.5048	5
39597	1	1.3944	2.1748	5
39598	0	1.637	4.6468	5
39599	0.5	1.3893	3.7195	5
39600	0	1.1901	3.7355	6
39601	0.5	1.0547	4.1185	6
39602	29.7	0.95001	2.981	6
39603	1.3	2.2933	2.8173	6
39604	7.6	2.1401	2.5225	6
39605	14.5	1.8719	1.7364	6
39606	0	1.9664	2.9097	6
39607	0	2.3648	5.2159	6
39608	4.3	2.089	3.0002	6
39609	19.1	1.8362	1.8185	6
39610	0	2.089	2.9898	6
39611	0	2.4057	5.3808	6
39612	0	2.0737	5.8677	6
39613	0	1.78	5.6926	6
39614	0	1.4991	5.701	6
39615	0	1.2999	5.834	6
39616	0	1.1288	4.8419	6
39617	0	1.0011	4.9978	6
39618	0	0.9066	6.1784	6
39619	0	0.86318	5.8981	6
39620	0	0.82488	4.8766	6
39621	0	0.80445	5.2769	6
39622	0	0.76359	5.0264	6
39623	0	0.73805	6.0379	6
39624	0	0.69463	5.888	6
39625	0	0.6742	5.5606	6
39626	0	0.65633	7.5955	6
39627	0	0.63079	8.3224	6
39628	0	0.59504	6.5473	6
39629	0	0.58993	6.412	6
39630	0	0.5695	6.0151	7
39631	0	0.55417	6.4422	7
39632	0	0.5363	5.7914	7
39633	0	0.51331	4.2867	7
39634	0	0.51842	4.997	7
39635	0	0.50821	5.4669	7
39636	0	0.48522	6.4524	7
39637	0	0.46224	7.2201	7
39638	0	0.30135	7.3033	7
39639	0	0.28092	6.0096	7
39640	0	0.2656	7.1401	7
39641	0	0.25027	7.7729	7
39642	0	0.2324	7.3116	7
39643	0	0.22473	6.9472	7
39644	0	0.21963	6.4347	7
39645	0	0.21452	6.1809	7
39646	0	0.21452	6.1734	7
39647	0	0.20175	5.7737	7
39648	0	0.19409	5.935	7
39649	0	0.19664	6.046	7
39650	0	0.19664	6.0632	7
39651	0	0.18387	3.064	7
39652	0	0.2043	4.7891	7
39653	0	0.19664	5.9569	7
39654	0	0.17621	5.553	7
39655	0	0.166	5.8859	7
39656	0	0.15578	4.988	7
39657	0	0.15323	5.9262	7
39658	0	0.15323	3.7224	7
39659	1.5	0.16089	4.3921	7
39660	0	0.16855	5.6989	7
39661	0	0.15067	4.9976	8
39662	0	0.12769	4.5106	8
39663	0	0.1328	5.4841	8
39664	0	0.1328	5.7365	8
39665	0	0.12258	6.2114	8
39666	0	0.10981	5.073	8
39667	0	0.10981	5.5737	8
39668	0	0.10981	4.6157	8
39669	0	0.10471	4.0134	8
39670	0	0.10471	4.9561	8
39671	0	0.10215	5.6637	8
39672	0	0.094491	5.405	8
39673	0	0.089383	5.7947	8
39674	0	0.081722	6.1875	8
39675	0	0.07406	6.4672	8
39676	0	0.056184	6.3708	8
39677	0	0.05363	4.6992	8
39678	1	0.048522	3.2041	8
39679	8.4	0.07406	3.5609	8
39680	23.6	0.097044	2.0222	8
39681	2.5	0.34987	2.7735	8
39682	0	0.22218	3.7267	8
39683	0	0.14301	4.1284	8
39684	0	0.11492	3.8444	8
39685	3	0.10215	2.6437	8
39686	0	0.11747	3.4055	8
39687	0.8	0.12003	3.2094	8
39688	0	0.11492	3.9266	8
39689	0	0.10981	4.0498	8
39690	0	0.097044	2.7165	8
39691	0	0.091937	2.3975	8
39692	0	0.094491	2.7949	9
39693	0	0.10726	3.2143	9
39694	0	0.099598	3.4577	9
39695	0	0.086829	3.4284	9
39696	0	0.084275	3.7784	9
39697	0	0.079168	3.6379	9
39698	0	0.07406	3.9197	9
39699	0	0.068953	3.851	9
39700	0	0.051076	3.4416	9
39701	0	0.051076	3.5155	9
39702	0	0.05363	3.7215	9
39703	0	0.045968	3.6681	9
39704	0	0.040861	3.3325	9
39705	0	0.048522	3.7104	9
39706	0	0.048522	3.727	9
39707	0	0.038307	3.8437	9
39708	0	0.035753	3.0774	9
39709	0	0.035753	2.3955	9
39710	0	0.048522	2.64	9
39711	0	0.061291	1.6241	9
39712	1.3	0.066399	1.7307	9
39713	0.8	0.07406	1.9925	9
39714	0	0.084275	2.4048	9
39715	0	0.081722	2.6576	9
39716	3	0.066399	1.8598	9
39717	0	0.076614	2.2648	9
39718	0	0.084275	2.3709	9
39719	0	0.071506	2.784	9
39720	0	0.063845	2.8502	9
39721	0	0.11747	2.6886	9
39722	0	0.11492	2.4981	10
39723	4.8	0.10981	1.3383	10
39724	17	0.14046	0.99785	10
39725	40.9	0.26304	1.0815	10
39726	10.7	0.80445	1.1865	10
39727	0.3	0.47756	1.2079	10
39728	12.7	0.41116	1.5514	10
39729	0	0.53885	1.3307	10
39730	10.2	0.31922	0.9113	10
39731	1	0.30646	0.96996	10
39732	0	0.43415	0.94686	10
39733	0	0.33199	1.3435	10
39734	0	0.28347	1.5674	10
39735	0	0.2656	1.2629	10
39736	0	0.24772	1.063	10
39737	0.8	0.24006	1.2619	10
39738	0	0.23495	1.5329	10
39739	0	0.22729	1.1823	10
39740	0	0.22729	1.0924	10
39741	14.7	0.22218	1.0102	10
39742	0	0.31667	0.9412	10
39743	0	0.34476	1.3202	10
39744	0	0.25793	1.2348	10
39745	0	0.22984	1.2651	10
39746	0	0.21452	1.2972	10
39747	0	0.21452	1.3791	10
39748	0	0.20941	1.4062	10
39749	0	0.20175	1.2579	10
39750	0	0.20175	1.2197	10
39751	0	0.20686	1.0459	10
39752	2.8	0.3039	0.87104	10
39753	5.3	0.27326	0.88438	11
39754	16.5	0.29113	0.71727	11
39755	23.6	0.48778	0.64278	11
39756	48.8	0.78657	0.57156	11
39757	30	3.2638	0.63865	11
39758	24.1	2.942	0.75817	11
39759	0	6.0091	0.74868	11
39760	18.8	1.9102	0.66083	11
39761	3.3	1.517	0.49932	11
39762	3.3	2.066	0.51919	11
39763	77.7	1.4301	0.65978	11
39764	31.8	12.511	0.75595	11
39765	31.5	13.313	0.8774	11
39766	0	20.752	0.57597	11
39767	0	4.8727	0.88194	11
39768	0	2.5027	0.86968	11
39769	0	1.7953	0.76418	11
39770	0	1.4046	0.73431	11
39771	0	1.116	0.78332	11
39772	21.8	0.9398	0.55093	11
39773	1.5	1.2411	0.52544	11
39774	6.4	1.4582	0.6345	11
39775	0	1.5272	0.58091	11
39776	0	1.471	0.6665	11
39777	0	1.236	0.63941	11
39778	0	1.0394	0.63518	11
39779	0.5	0.91681	0.63409	11
39780	0.5	0.84786	0.56916	11
39781	1.8	0.77891	0.61072	11
39782	0	0.73549	0.69763	11
39783	12.4	0.71762	0.67476	12
39784	18.5	0.72017	0.43518	12
39785	0	2.2525	0.45004	12
39786	0	1.9792	0.46489	12
39787	0	1.5808	0.50913	12
39788	0	1.2871	0.50244	12
39789	6.4	1.0573	0.45611	12
39790	0.8	0.94746	0.52037	12
39791	0	0.90405	0.45016	12
39792	0	0.83254	0.49974	12
39793	0	0.78146	0.5434	12
39794	34.8	0.74826	0.37917	12
39795	22.1	1.3918	0.18962	12
39796	3.8	2.2908	0.43425	12
39797	0	1.7928	0.20948	12
39798	0	1.5246	0.2664	12
39799	5.1	1.2692	0.36427	12
39800	39.8	1.1492	0.24936	12
39801	16.4	1.2028	0.22602	12
39802	50.2	1.0777	0.27711	12
39803	51	1.0317	0.151	12
39804	16.1	4.4206	0.17138	12
39805	1.5	6.9055	0.21281	12
39806	35.3	3.7388	0.15075	12
39807	5.6	3.0007	0.25682	12
39808	18	3.5753	0.25096	12
39809	88.4	2.6866	0.12912	12
39810	73.7	17.861	0.30945	12
39811	42.4	77.814	0.33122	12
39812	4.1	54.245	0.2686	12
39813	17.3	19.256	0.25563	12
