37987	2.7	2.9	2.6
37988	2.7	4	2
37989	2.7	3.3	2.3
37990	2.6	3.7	1.2
37991	0.3	2.8	-1.6
37992	1.3	3.4	-1.4
37993	2.9	3.9	2.5
37994	3.4	4.6	2.7
37995	4	5.9	2.8
37996	4.1	5.6	2.9
37997	3.4	5.9	2.2
37998	4	5.7	2.3
37999	4.5	7	2.4
38000	5.5	7.2	3.8
38001	5.9	8	4.6
38002	5.7	8.6	3.4
38003	4.6	8.9	2
38004	6.3	9.5	4.3
38005	6.2	8.9	4.5
38006	4	7.7	2.2
38007	2.8	6.8	0.9
38008	2.9	6.9	0.6
38009	6	8.1	4.1
38010	5.7	9	2.8
38011	3.8	5.2	2.7
38012	4.6	6.5	3
38013	5.4	7.4	3.1
38014	6.2	7.3	5.3
38015	10.4	12.9	7
38016	4.9	9.4	3
38017	3.8	5.9	2.9
38018	4.2	6	3
38019	6.5	9.4	4.2
38020	6.7	9.3	4.9
38021	6.7	8.9	4.7
38022	4.9	8.6	2.1
38023	6.4	8.8	4.7
38024	6.2	9	4.9
38025	4.9	7.6	2.4
38026	3.1	7.1	0.8
38027	4.6	10.8	1.3
38028	5.6	11.5	2.5
38029	4.4	11	1
38030	4.3	7.1	1.6
38031	7.8	11.3	5
38032	7.9	11.1	4.5
38033	9	11.6	7.3
38034	9.1	11.5	7
38035	9	10.4	6.5
38036	6.5	8.6	2.6
38037	4.8	9.5	1.7
38038	7	11.7	2.5
38039	9.3	13.3	6
38040	9.3	12.2	7
38041	7.5	10.7	3.1
38042	8.3	11.8	3.3
38043	8.1	10.3	5.9
38044	8.5	10.2	7.5
38045	8.2	10.6	6.9
38046	8	10.7	6.4
38047	7.5	11.1	4.5
38048	5.8	10.9	2.2
38049	4.7	7.1	2
38050	7.8	10.9	5.5
38051	7.7	10.4	5.5
38052	8.4	11.8	4.5
38053	11.8	16.6	8.1
38054	12.2	18.7	6
38055	11.6	18.1	7.3
38056	10	16	6.1
38057	10.3	18.2	3.9
38058	10	17.1	4.3
38059	10.2	17.3	3
38060	11.9	17.9	7.5
38061	9.1	15.8	3.9
38062	8.7	16.2	2
38063	9.4	16.8	3
38064	7.9	14.9	4.2
38065	6.2	10.7	3
38066	9.2	18.4	1.1
38067	12.5	19.6	5.9
38068	11.6	18.3	5.3
38069	10.4	14.5	6.4
38070	7.2	9.3	5.8
38071	6	9.8	3.7
38072	5.3	8	2.8
38073	7.3	10.3	4.4
38074	7.4	13.5	0.8
38075	10.7	18	3.8
38076	7.3	10.7	3.5
38077	4.4	8.8	1.5
38078	4.6	12.7	-0.7
38079	8.9	18	0.4
38080	11	19.4	4.6
38081	10.1	17.2	4.3
38082	9.8	13.8	7.5
38083	10.4	16	7.3
38084	10.5	17.1	5.3
38085	9.1	17.5	2.8
38086	10	19.6	2.6
38087	11.5	22.5	3
38088	12.6	24.5	4.2
38089	10.5	17.1	5.3
38090	8.1	13.8	5.7
38091	6	9.6	3.6
38092	4.4	8	0.5
38093	5.6	10.3	3.7
38094	6.5	12	4.4
38095	5.9	10	3.5
38096	6.3	9.5	3.7
38097	5	6.8	4
38098	4.6	9	1.5
38099	7.4	13.7	3.4
38100	7.4	13.1	2.6
38101	8.2	17.7	1.4
38102	11.9	22	3.2
38103	14.7	25.9	6.4
38104	13.6	25.6	7
38105	9.3	18.2	3.6
38106	11.3	25.7	1.5
38107	14.1	27.5	4.8
38108	14.6	26.9	6.6
38109	14.8	28.2	6.6
38110	15.1	26.5	9.4
38111	12.3	15.9	9.4
38112	12.1	21.2	7.2
38113	11.5	18.3	4.4
38114	10.7	15.4	7.1
38115	10.2	15.2	7.3
38116	10.1	15.3	6.8
38117	7.8	10.5	6.6
38118	7.8	11.8	4.9
38119	9.9	18.6	5.6
38120	10.6	22.5	2.6
38121	13.4	23	8
38122	10.4	16.1	8
38123	10.9	17.7	7.7
38124	9.9	21.4	4.8
38125	10.4	12.1	9.1
38126	11.7	19.1	8.5
38127	12.1	21.9	6.2
38128	12.6	17.6	10.1
38129	9.3	11.5	7
38130	9.4	14.8	6.2
38131	11.9	23.9	3.4
38132	14.1	27.2	5.1
38133	13.4	17	11.1
38134	11.4	13.2	8.4
38135	8.1	12.5	6.8
38136	8.8	12.3	5.7
38137	11.3	18.1	8.4
38138	12.7	23	7.3
38139	13.4	26.6	5.1
38140	14.8	27.1	6.8
38141	17.2	30.3	9.9
38142	17.5	32	9.8
38143	11.6	15.3	9.5
38144	9.8	13.4	7.5
38145	9	15.5	7.3
38146	9.7	11.9	8
38147	10.7	12.3	9.6
38148	10.4	14.2	8.3
38149	10.1	13.4	7.7
38150	12.7	21.8	7.4
38151	13.4	21	10.1
38152	12.9	23.3	8.1
38153	14.3	27.7	6.1
38154	16.2	30.2	5.6
38155	18.6	34.3	7.9
38156	19	31.9	9.9
38157	18	31.1	8.8
38158	18.4	32.9	9
38159	19.3	35.1	9.3
38160	16.4	23.7	12.8
38161	17.4	26.1	13.8
38162	18	26.6	14
38163	18.2	29.1	13.1
38164	16.9	28.4	11.2
38165	17	29.3	8.8
38166	18.2	31.1	10.1
38167	18	28.3	11.6
38168	19.5	32.4	11.6
38169	18.3	31.7	9.9
38170	17.7	27.7	10.5
38171	18.8	27.6	13.4
38172	17.7	28.8	10.8
38173	18	31.6	9
38174	19.5	30.8	11.4
38175	16.4	24.5	10.2
38176	15.4	29.7	6.4
38177	15.3	26.2	8.4
38178	15.6	24.3	9.6
38179	16.8	31.1	7.1
38180	20.2	35.4	10.6
38181	19.7	31.9	12.6
38182	20.4	33.7	12.4
38183	19.3	31.3	12.4
38184	19.8	35	10.8
38185	21.3	34.7	14.1
38186	19.3	26	13.9
38187	19.3	27.9	14.9
38188	NaN	NaN	NaN
38189	19.1	33.2	10.9
38190	21.2	37.7	11.4
38191	23.3	39.6	12.9
38192	23.8	39	14.5
38193	21.5	33.8	14.5
38194	19.1	33.1	10
38195	20.2	35.1	11.7
38196	21.1	35	13
38197	20.7	34.3	12.9
38198	20.2	32.2	12.9
38199	20.2	32.8	13
38200	20.4	32.3	13.2
38201	19.1	29	13.7
38202	19.1	29.2	13.9
38203	17.7	29	11.2
38204	17	25	12.8
38205	14.1	18.3	11.9
38206	16.4	27.6	9
38207	19.9	34.6	9.8
38208	21.5	35.5	12.3
38209	22.1	36	13.8
38210	22.5	34.7	14.5
38211	22.3	34.4	14.9
38212	22.4	33.5	15.4
38213	22.2	32.5	16.7
38214	20.7	31.8	13.8
38215	20.5	32	14.4
38216	19.3	31.9	11.5
38217	20	31.3	12
38218	20.7	32	13.5
38219	20.5	32	14.2
38220	18.6	27.2	11.5
38221	14.7	16.6	11.9
38222	13.9	16.7	11.7
38223	14	16.2	13.1
38224	13.7	17.3	12.6
38225	14.1	16.6	12.4
38226	14.9	19.3	12.4
38227	15.9	21.8	11.4
38228	16.7	24.1	11.3
38229	17.5	24.3	11.7
38230	18.5	24.6	13.5
38231	14.5	18.3	9.8
38232	10.7	14.4	7.8
38233	12.6	18.6	9.3
38234	13.7	19.5	9.4
38235	13	19.6	7.4
38236	13.5	21.2	7.5
38237	13.2	19	7.9
38238	13.9	20.4	8.6
38239	14.5	19.5	11.3
38240	15.1	21.5	9.5
38241	16.3	18.9	14.5
38242	13.4	15	11.8
38243	12.1	13.5	11.3
38244	12.8	15.3	10.8
38245	14	17.5	11.9
38246	13.2	16	11.1
38247	11.7	13.2	8.8
38248	9.2	12.1	8.1
38249	9.3	13.8	7.4
38250	9.8	12.7	5.9
38251	8.8	13.8	3.4
38252	12.1	17.7	6.3
38253	12.9	17.8	7.8
38254	14.1	19.2	8.7
38255	14.2	19.4	9.6
38256	15.3	17.3	13.5
38257	15	19.4	12
38258	14.6	19.4	9.5
38259	14.1	16.6	11.1
38260	12.8	16	10.6
38261	12	16.9	7.1
38262	12.2	17.6	7.3
38263	12.2	17.9	7.3
38264	12.2	18.5	6.7
38265	12.1	17.4	7.3
38266	14.4	17.3	12.3
38267	15.1	17.4	12.3
38268	13.5	19.1	10.1
38269	10.9	13.4	9.1
38270	10.5	13.9	8
38271	10	15.7	5
38272	11.8	17.8	6.8
38273	12.1	16.9	8.6
38274	11.6	17.2	6.5
38275	11.4	16.1	7.2
38276	11.4	14.3	8.3
38277	9.3	11.9	6.9
38278	8.5	9.9	7.3
38279	9.9	12.7	7.2
38280	10.5	12.5	8.8
38281	10	11	8.1
38282	9.9	11.5	8.1
38283	8.5	11	6.9
38284	6.8	8.7	3.2
38285	6.5	9.3	3.3
38286	7.9	10	6.4
38287	8.3	10.9	6.4
38288	8.7	10.9	7.5
38289	8.1	10.4	6.5
38290	7.3	9	5.9
38291	5.7	8.5	2.1
38292	6.7	9.7	2.5
38293	9.3	11.9	5.6
38294	5.2	7.9	1.8
38295	3.7	8.1	0.9
38296	4.8	10.8	0.7
38297	5	10.9	0.9
38298	7.3	13.3	3.5
38299	6.4	11.6	2.3
38300	8.4	11.2	5.9
38301	9	12.6	5.7
38302	7.2	11.9	4.2
38303	6.9	11.4	2.4
38304	8.4	11.8	5.1
38305	6.6	10.9	2.9
38306	7.8	10.7	4.7
38307	8.8	11.3	6.4
38308	6.7	10	3.7
38309	6	8.3	3.5
38310	4.5	7.1	0.5
38311	0.9	3.7	-0.8
38312	0.7	4	-1.2
38313	3.2	8	0
38314	6	8	3.1
38315	8.9	11.3	7.4
38316	8.2	10.9	5.6
38317	5.2	6.6	4
38318	3.7	5.2	2
38319	1.3	2.5	-0.8
38320	-0.1	2	-2
38321	1.8	3.2	0.9
38322	NaN	NaN	NaN
38323	0	2.6	-1.5
38324	0.8	4.2	-0.8
38325	1.1	3.6	-1.1
38326	1.8	3.1	0.6
38327	-0.1	0.8	-0.3
38328	0.2	0.9	-0.3
38329	4	5.2	0.6
38330	5.3	6.6	3.5
38331	7.3	9.2	5.8
38332	7.9	9.9	5.3
38333	4.8	6.7	3.1
38334	6.3	8.6	3.2
38335	7.3	8.5	4.8
38336	3.1	5.7	0.5
38337	2.5	6.5	-0.3
38338	4.5	8.1	2
38339	4.7	9.6	1.6
38340	4.1	7.2	1.6
38341	1.4	5	-1.6
38342	-0.2	1.4	-2.5
38343	2.5	5.4	-1
38344	-0.1	3	-1.4
38345	-0.3	3.6	-2.1
38346	1.4	4.2	-1.5
38347	1.4	3.1	-0.1
38348	2.5	5.2	-0.2
38349	2.9	5.9	0.2
38350	2.9	4.5	1
38351	1.8	4.7	-0.8
38352	1	2.5	-0.4
38353	0.8	3	-0.8
38354	-0.8	0.5	-2.4
38355	-2	0	-3.4
38356	-3	-1.2	-4.7
38357	-3.5	-0.6	-6.8
38358	-0.6	0.3	-1.6
38359	-0.1	0.7	-0.4
38360	-0.2	0.5	-0.4
38361	-0.1	0.7	-0.6
38362	-0.5	0.5	-1.8
38363	-2.2	-0.9	-4.4
38364	-0.1	0.5	-1
38365	0.1	1.8	-0.7
38366	-0.2	1.7	-1.5
38367	0.8	2	-0.4
38368	2.1	4.6	0.6
38369	2.6	4.4	0.9
38370	6.3	11.4	3.4
38371	5.8	9.9	2.5
38372	4.8	9.8	2.1
38373	3.1	8	-0.5
38374	4.4	9	0.1
38375	4.7	8.7	1.4
38376	3.6	8.8	0
38377	4.9	9.4	1.4
38378	7	9.6	5.3
38379	5.4	7	3.6
38380	4.8	6.8	3.6
38381	4.3	6.2	2
38382	2.4	6.7	-0.9
38383	2.4	6.2	-0.4
38384	1	5.3	-1.7
38385	1.9	7.5	-1.2
38386	3.1	9.3	-0.9
38387	2.9	6	0.2
38388	1.7	3.8	-1.4
38389	-0.2	1.5	-0.9
38390	-0.1	1.4	-1.1
38391	-0.6	2.3	-2.6
38392	0.5	4.3	-1.4
38393	0.6	6	-2.3
38394	1.1	6.3	-1.9
38395	1.7	4.6	-1.2
38396	0.7	3.9	-1
38397	-0.7	1	-2.6
38398	-1.6	1.4	-4.4
38399	-0.7	3.2	-3.4
38400	0.4	6.2	-3.2
38401	1.9	7.4	-2
38402	3.4	5.7	-0.1
38403	4.5	6.6	2.3
38404	3.4	7.3	-0.9
38405	2	7.4	-1.2
38406	2.5	8.6	-1.8
38407	3.2	9.3	-1.3
38408	3	8.8	-1.4
38409	3.8	9.9	-1.2
38410	5.4	10.3	1.2
38411	5.8	8	4
38412	4.1	8.2	-0.7
38413	5.1	7.9	0.9
38414	3.4	8.7	-1.4
38415	6	10.6	2.3
38416	5.2	11.2	0.1
38417	6	12.3	0.2
38418	7.5	12.8	2.4
38419	7.1	12.6	1.9
38420	7.6	14.1	1.9
38421	8.2	14.8	2.6
38422	NaN	NaN	NaN
38423	8	17.5	3.2
38424	5.4	13.3	-0.9
38425	4.3	13	-1.9
38426	4.5	11.7	-1.7
38427	5.1	10.4	1.4
38428	5.2	8.1	2.8
38429	6.4	9.2	4.2
38430	7.8	10.9	6.3
38431	5.5	8.2	2.4
38432	3.8	6.8	1.3
38433	4.9	8.5	2.9
38434	3	5.6	0
38435	0.9	2.7	-0.3
38436	2.9	5.7	0.6
38437	5.5	8.2	2.6
38438	7.1	8.9	5.3
38439	3.3	5.4	0
38440	2.2	5.6	-0.2
38441	3	6.2	0
38442	4.1	8.6	-0.7
38443	5.2	8	3.5
38444	4.8	8.8	1.4
38445	3.9	5.8	2.5
38446	3.5	6.3	1.5
38447	5.8	9.6	2
38448	8.7	14	3.7
38449	5.3	7	2.6
38450	4.3	9	0.1
38451	5.2	8.6	3.3
38452	6.3	11.7	1.4
38453	5.7	8.4	3.5
38454	2.7	6.3	0.7
38455	3	8.3	0.6
38456	3.2	8.2	0.4
38457	5.4	10.5	-1.4
38458	8.1	10.9	5.1
38459	4.5	7.9	2.7
38460	4.4	10.8	1.9
38461	5.8	12.3	2.4
38462	8.4	17	3.6
38463	9	17	5.2
38464	9.3	21	2.9
38465	8	9.6	6.3
38466	9.1	14.3	6
38467	10.4	16.7	7.3
38468	11.5	22.4	6.4
38469	12	22.6	7
38470	11.4	16.1	8.2
38471	10.1	12.7	8.6
38472	12.1	22.1	8.4
38473	10.4	19.2	5.3
38474	11.5	17	8.6
38475	12.8	23.1	7.1
38476	12.6	17.8	10.5
38477	12.4	16.4	10.3
38478	10.2	11.6	8.8
38479	10.9	16.3	7.8
38480	10.2	15.6	8
38481	6.3	9.5	2.8
38482	6.4	10.6	2.6
38483	9.7	12.8	7.1
38484	12.7	20.2	8.5
38485	13.8	21.5	8
38486	15.2	21.4	11.8
38487	12.6	14.7	8.9
38488	8.3	12.1	5.9
38489	8	10	5.5
38490	10.1	17.2	7.7
38491	9.4	14.2	7.4
38492	8.5	13.3	6.6
38493	8.8	12.4	5
38494	9.2	17.1	5.4
38495	9.3	20.5	3
38496	11.2	24.4	2.3
38497	15.5	30.3	4.9
38498	18.2	33.7	8
38499	18.3	35.5	10.4
38500	14.5	21.7	10.5
38501	11.7	14.9	9.3
38502	14	19.6	10.9
38503	11.8	16.5	9.5
38504	10.1	13	8.1
38505	10.7	14.6	7.9
38506	12.2	20.7	6.9
38507	11.3	21.5	4
38508	7.8	11.4	5.8
38509	7.3	12.7	5.5
38510	7.4	13.2	4.4
38511	10.4	19.6	5.2
38512	13.2	24.5	5.7
38513	13.1	20.4	8.4
38514	10.7	15.4	8.5
38515	11.4	20.1	6.4
38516	14.1	22.6	10
38517	12.9	19.6	8.4
38518	13.6	25.5	5.9
38519	11.9	15.2	9.7
38520	11	17.8	8.2
38521	11.3	15.1	8.5
38522	12.2	22.6	6.7
38523	15.7	26.5	10.2
38524	15.7	25.9	10.4
38525	14.2	21.6	9.4
38526	15	28.9	6.6
38527	16.5	28.8	9.3
38528	16.3	26.5	11
38529	15	25	8.6
38530	13.9	17.6	11.4
38531	14.9	22.2	11.1
38532	16.9	29.9	8.3
38533	18.9	31.1	11.5
38534	17.7	28.2	11.4
38535	15.3	25.8	9.2
38536	15.7	28.7	7.9
38537	17.2	31.1	8.3
38538	18.5	31.1	10.6
38539	18	24.6	14.7
38540	17.1	26.5	12.8
38541	15	22.8	10.4
38542	15.1	21.9	12.7
38543	14.9	19.4	11.7
38544	18.3	28.2	13.7
38545	17.9	26.8	13
38546	16.9	29.3	10.9
38547	18.7	33.3	9.6
38548	20.5	33.3	13.8
38549	18.7	28.9	12.4
38550	20.3	35.1	10.6
38551	21.7	37.2	13.6
38552	20.1	34.3	13
38553	19	34.6	9.8
38554	20.6	33.6	12.1
38555	19.3	27.4	14.8
38556	18.8	32.1	11.7
38557	17	35.1	10
38558	18.2	39.3	8.1
38559	NaN	NaN	NaN
38560	NaN	NaN	NaN
38561	NaN	NaN	NaN
38562	NaN	NaN	NaN
38563	NaN	NaN	NaN
38564	NaN	NaN	NaN
38565	NaN	NaN	NaN
38566	NaN	NaN	NaN
38567	NaN	NaN	NaN
38568	NaN	NaN	NaN
38569	NaN	NaN	NaN
38570	NaN	NaN	NaN
38571	NaN	NaN	NaN
38572	NaN	NaN	NaN
38573	NaN	NaN	NaN
38574	NaN	NaN	NaN
38575	NaN	NaN	NaN
38576	22.2	29.7	14.9
38577	19.7	33.8	11.4
38578	19.4	32.6	10.2
38579	19.3	32	10.5
38580	18.3	29.7	11.4
38581	16.9	27.5	10.6
38582	17.1	28.7	9.6
38583	18.6	30.4	11.2
38584	19.4	30.4	11.8
38585	19.2	28.8	12.4
38586	17.8	27	12.5
38587	14.7	25	9.2
38588	15.4	29	6.1
38589	17.9	30	9
38590	17.8	28	10.6
38591	16.9	28.1	9
38592	16.6	26.9	8.4
38593	12.9	18.2	10.5
38594	14.5	22	10.7
38595	15.6	25.2	8.4
38596	17	26.2	9.8
38597	16	23.5	10.9
38598	15.3	21.1	10.6
38599	12.9	20.8	7.8
38600	12.5	21.6	5.6
38601	13.7	21.6	6.8
38602	15.1	23.2	8.1
38603	15.4	23.7	8.6
38604	12	15.3	9.2
38605	10.1	13	7.4
38606	9.1	13	5.4
38607	10	15.4	4.7
38608	11.1	17.7	5.3
38609	11.7	17.9	6.4
38610	10.8	16.6	6.1
38611	10.5	16.7	6.2
38612	10.7	16.1	6.5
38613	9.9	16.2	3.7
38614	11.2	17.4	5.2
38615	11.1	17.4	5.7
38616	10.3	16.9	4.5
38617	9.9	15.6	4.4
38618	10	14.6	4.8
38619	7	13.8	1.3
38620	8.4	16.1	1.5
38621	10.5	18.7	3.4
38622	11.1	17.8	4.7
38623	11.5	18.4	5.5
38624	12.6	19.3	5.4
38625	15.2	19.2	11.1
38626	9.5	11.7	6.9
38627	7.2	9.2	5.9
38628	6.4	9.8	4.8
38629	6.2	8.8	4.4
38630	9	12.5	5.8
38631	9.6	13.5	4.7
38632	9.8	12.7	6.2
38633	8.7	12.7	5.9
38634	9	11.1	6.4
38635	NaN	NaN	NaN
38636	10.6	13.3	6.7
38637	9.4	14.3	4.6
38638	10.8	14.6	7.9
38639	10	15.8	5.1
38640	9.6	11.3	8.1
38641	10.4	12.8	8.8
38642	10.4	15.4	6
38643	11.3	15.1	7.5
38644	10.7	12.3	9.6
38645	10.1	12.5	6.5
38646	8.7	13.8	4.3
38647	8.8	13.2	4.6
38648	9.8	13.5	5.9
38649	11.7	14.6	8.7
38650	9	14.1	5.4
38651	6.2	8.5	2.1
38652	4.5	8.4	-0.4
38653	6.7	8.1	5.1
38654	6.8	8.9	5.6
38655	6.6	9.2	4.4
38656	9.6	12	7.1
38657	9.1	11.9	6
38658	5.8	8	4.7
38659	5.4	6.8	4.5
38660	4.8	6.3	3.6
38661	3.7	8.5	1.2
38662	5.4	7.1	4.6
38663	4	5.2	2.4
38664	0.9	3.6	-0.9
38665	2.1	7.6	-1.3
38666	4.8	9.4	-0.2
38667	5.4	8	4.2
38668	4.2	5.9	2.8
38669	5.4	8.6	2.5
38670	5.5	7.4	0.3
38671	1.7	5.5	-0.9
38672	2.6	7.4	-0.6
38673	3.4	8.6	-0.2
38674	3.6	9	-0.5
38675	4.4	9.7	0.9
38676	4	9.2	0.3
38677	4.6	9.8	0.9
38678	4.1	9.2	0.7
38679	3.5	8.3	0.1
38680	4.2	8.2	-0.1
38681	6	8.3	2.2
38682	1.2	2.7	0
38683	0.1	0.8	-0.9
38684	-0.6	0	-1.8
38685	0.4	1.2	-0.2
38686	1.1	3.1	-0.2
38687	0.9	2.5	-0.2
38688	0	1.1	-0.3
38689	0.1	0.6	-0.3
38690	0.2	1.5	-1.4
38691	-1.5	0	-3.2
38692	NaN	NaN	NaN
38693	NaN	NaN	NaN
38694	NaN	NaN	NaN
38695	NaN	NaN	NaN
38696	-0.3	2.5	-2
38697	0.1	3.2	-1.4
38698	-0.9	1.1	-2.2
38699	-1.2	-0.1	-3.3
38700	-2.8	0.1	-5
38701	-2.4	0.6	-5
38702	-2.7	0.6	-5
38703	-3.1	-0.1	-5.4
38704	-2.3	-0.1	-5.1
38705	0.6	2.3	-0.3
38706	2	4.2	0.3
38707	2.5	3.9	0.7
38708	5	8.8	2.4
38709	4.7	8.5	2
38710	4.5	9.2	1.6
38711	6.4	7.8	4
38712	5.4	6.4	4.4
38713	5.2	6.6	4.3
38714	5.3	7.2	2.6
38715	2.8	4.3	0.9
38716	5.6	8.6	1.9
38717	5.6	7.7	3.2
38718	3.9	6.4	2.3
38719	4.3	6.2	3.2
38720	2.9	3.8	1.7
38721	2.8	5.5	-0.3
38722	4.3	8	1.5
38723	5.3	7.3	2.9
38724	4.3	6.2	1.3
38725	1.5	3	0.1
38726	3	4.8	1.3
38727	7.7	9.7	4.6
38728	3.8	6.6	1.7
38729	3	4	2.4
38730	5.2	6.4	3.7
38731	2.9	5.1	0
38732	0.7	2.1	-0.2
38733	0	0.5	-0.2
38734	1.1	2.6	-0.2
38735	0.9	2.5	-0.3
38736	2	3.6	0.8
38737	1	2.1	-0.2
38738	1.8	3.5	0.7
38739	0.8	3.1	-0.8
38740	1	4.8	-0.9
38741	1.8	6.4	-0.6
38742	1.1	5	-1
38743	1.4	2.8	0.1
38744	1.2	2.5	-0.2
38745	2.2	3.6	0.4
38746	0.9	2.5	-0.1
38747	3.3	5.6	0.4
38748	0.6	2.2	-0.3
38749	1.7	3.8	-0.1
38750	3.8	5.8	1.8
38751	5.3	7.2	3.6
38752	2.6	6.5	0
38753	0.3	1.9	-0.8
38754	1.8	6.3	-0.7
38755	1.9	7.1	-1.1
38756	3	7.6	-0.6
38757	2.1	6	-0.6
38758	1.3	5.9	-1.7
38759	1.6	7.5	-2
38760	3	7.4	-0.7
38761	2.2	6.9	-1.3
38762	-0.5	1.7	-1.8
38763	-2.6	-0.7	-4.7
38764	-3.8	-0.5	-6.9
38765	-5.5	-2	-8
38766	-4.4	0.3	-8.2
38767	-4.8	1	-10
38768	-2.7	3.6	-8.2
38769	1.1	4.2	-0.9
38770	1.7	5.7	0
38771	3.1	7.7	-0.2
38772	2	5.6	-1.8
38773	2.6	8.6	-2.3
38774	4.9	9.6	0.1
38775	5.8	7.6	4.6
38776	3.4	5.2	1.9
38777	3.1	5.4	-0.2
38778	2.1	4.1	-1.5
38779	1.4	6.1	-2.1
38780	2.1	5.2	-0.6
38781	5.4	9.5	2.7
38782	3.8	6.3	2.3
38783	3.2	5.7	1.3
38784	1.2	2.6	-0.5
38785	-0.1	2.3	-0.8
38786	-0.1	2.7	-1.5
38787	-0.9	0.8	-2.8
38788	-0.4	0.9	-1.7
38789	-0.3	1.4	-2.3
38790	0.6	2.3	-0.9
38791	1.3	3.5	-0.2
38792	1.8	3.9	0.6
38793	1.7	5	0.1
38794	1.6	3.9	0.2
38795	0.7	3.3	-1.8
38796	1.3	5.7	-2.7
38797	3.2	6	1.1
38798	4	7	1.6
38799	4.8	8.8	1.4
38800	5.6	8.6	3.5
38801	2.9	4.4	1.7
38802	2.6	5.4	-0.5
38803	4.2	9.2	-1.1
38804	6.6	9.8	3.2
38805	4.5	8	0.9
38806	5.9	9.1	3.6
38807	5.2	9.4	2.3
38808	4.2	8	2.5
38809	5.6	8.9	2.4
38810	6.2	9.9	4
38811	5.6	9.3	1.9
38812	6	7.8	4.3
38813	6.1	9.8	3.5
38814	8	13.8	3.9
38815	6.7	8.9	4.8
38816	5.4	10	2.3
38817	5.3	9	3
38818	6.9	11.2	3.8
38819	7.8	12.4	3.5
38820	9.4	13.1	7.3
38821	6.7	9.3	3
38822	2.1	4.2	-0.1
38823	3.2	8.3	0.5
38824	3.5	7.4	1.8
38825	4.7	10.4	0.3
38826	7	15	0
38827	9.2	17.5	2.9
38828	7	10.8	1
38829	6.1	17.1	-1.8
38830	10.6	21	2.9
38831	9.2	20.8	1.7
38832	9.1	20.9	1.4
38833	8.7	19.2	2
38834	11	22.3	2.6
38835	14.1	27.3	5.6
38836	11.3	20.6	4.7
38837	8.6	21.7	0.9
38838	7.6	18.6	1.3
38839	8	22.5	-1.3
38840	10.9	24.5	1
38841	12.7	25.4	3.7
38842	12.2	26.2	2.9
38843	11	20.4	5.2
38844	8.4	10.3	7.4
38845	7.3	14.3	2.3
38846	8.5	22.3	-0.6
38847	12.1	21.7	3.2
38848	13	23.4	6.6
38849	10.7	20.8	4.3
38850	11.4	25.6	2.2
38851	15.2	30.3	4.6
38852	NaN	NaN	NaN
38853	18.7	32.7	10.6
38854	19.9	33.6	11
38855	19.8	33.3	12.4
38856	15.8	21.6	12.4
38857	13.5	17.9	10
38858	13.1	20.4	9.6
38859	12.4	17.1	10
38860	12	16.2	9.2
38861	10	12.3	8.5
38862	9.1	15.2	6.8
38863	7.1	12	5.3
38864	6.7	8.8	5.2
38865	8.3	12.7	5.9
38866	10.5	19.4	6.2
38867	13.3	26.7	4.7
38868	13.8	20	8.6
38869	14.4	18.7	11.3
38870	14.6	17.6	12.5
38871	15.1	21.7	12.1
38872	14.5	18.5	12.3
38873	16	25.6	12.3
38874	16.7	26.2	12.7
38875	15.6	22.5	10.5
38876	12.7	20.8	7.4
38877	12.5	21.5	6.2
38878	14.9	23.9	10.6
38879	16.4	29.8	9.1
38880	14.9	18.4	12.7
38881	12.6	16.8	11
38882	12.2	17	10.1
38883	13.7	19.7	9.8
38884	14	19.1	10.6
38885	14	24.8	9
38886	13.1	23.6	7.1
38887	12.8	23.5	6.9
38888	13.3	25.9	5.4
38889	13.5	25	5.8
38890	15	29.4	6.1
38891	17	30.9	8.4
38892	19.7	35.5	9.7
38893	22.9	39.6	12
38894	24.2	39.5	13.9
38895	22.7	35	16.2
38896	20.3	31.6	13.9
38897	18.2	23.1	15.5
38898	18	29.7	13.3
38899	19	29.4	12.7
38900	19.8	31.8	13
38901	19.8	32	13.1
38902	19.8	29.9	15.2
38903	14.6	17.8	12.5
38904	14.2	18.3	10.4
38905	15.7	29	7.1
38906	18.8	32.6	10.1
38907	20	33	12.7
38908	18.8	29.4	13.9
38909	18	26.4	13.6
38910	15.9	21.8	13
38911	18.7	30.7	13.4
38912	18.3	31.7	10.4
38913	18.1	30.3	10.7
38914	19	32.7	11.5
38915	18.1	30.5	10.3
38916	16.8	29.8	9
38917	17.4	32.1	8.2
38918	20.4	35.1	10.2
38919	23.6	37.2	14.5
38920	24.5	33.1	20.1
38921	25.4	38.5	17.2
38922	23.9	37.4	16.8
38923	21.3	35.6	12.9
38924	21.1	35.5	11.9
38925	21.9	34.7	14.9
38926	19.1	30.7	13.1
38927	15.9	26.4	10
38928	NaN	NaN	NaN
38929	16.2	22.5	10.4
38930	14.9	27	7
38931	18.3	24.6	12.5
38932	16.5	29.2	8.9
38933	16.7	30.2	8.8
38934	17.9	31	9.5
38935	19.7	31.1	11.5
38936	18.9	32.5	13.5
38937	16.8	25.3	12.8
38938	17.4	29.9	9.9
38939	17.4	27.1	11.4
38940	15.3	26.4	9.2
38941	15.5	27.2	7.5
38942	17.4	29.6	8.8
38943	17.9	30.2	10.1
38944	16.3	27.1	10.5
38945	13.8	22.3	8.4
38946	16.5	26.9	10.4
38947	18.4	30.1	9.8
38948	19	30.2	10.8
38949	18.9	29.9	10.6
38950	17.6	26.8	11.3
38951	16.8	26.9	10.2
38952	15.6	25.7	10.1
38953	15.3	25.3	10.4
38954	15.8	28.8	7.2
38955	17.6	28.6	8.6
38956	19.3	29.5	10.9
38957	19.7	31.4	12.3
38958	14.9	20.8	10
38959	11.9	19.4	6.8
38960	13.3	24.4	3.7
38961	17.2	28.4	7.8
38962	18.6	29.2	10.2
38963	18.5	27.4	10.9
38964	17.8	26.5	10.6
38965	17.7	25.9	11
38966	17.1	26	10.7
38967	15.5	23.9	8.7
38968	14.8	22.8	8.8
38969	14.2	20.4	9.7
38970	13.8	21.6	6.3
38971	15.6	23.6	8.7
38972	15.9	24.2	9.2
38973	14.1	21.8	8.3
38974	9.7	15	7.4
38975	7.4	10.4	5
38976	8.9	11.9	5.8
38977	9.2	14.7	4
38978	11.4	16	7.4
38979	10.1	12.1	8.6
38980	10.7	14.3	8.8
38981	9.7	11.3	7.4
38982	8.2	11.2	5.3
38983	9.2	17.3	3.5
38984	11.1	17.3	5
38985	11.8	19	5.5
38986	12.8	20.3	6.6
38987	13	20.1	7
38988	12.6	19.8	6.7
38989	12.5	20	6.2
38990	12.2	18.3	7.3
38991	10.5	16.3	5.9
38992	10.1	15.6	5.3
38993	9.5	14.6	6.2
38994	9.8	14.6	6
38995	9.4	15.6	4.2
38996	10.4	14.2	7.1
38997	8.4	11.8	4.9
38998	9	15.8	2.7
38999	10.9	16.5	7.5
39000	8.8	15.1	2.8
39001	8.4	16.5	1.9
39002	9.5	17.6	3.3
39003	9.6	17.2	3.8
39004	9.4	16.6	3.8
39005	9	10.9	7.2
39006	8.5	10.3	7.6
39007	8.2	10.8	6.1
39008	8.5	10.9	6
39009	10.9	13.4	9.2
39010	9.5	11.3	4.8
39011	6	10.5	2
39012	6.7	12.2	2.4
39013	6.5	11	2.5
39014	6.7	9.4	5.1
39015	4.9	7.2	1.4
39016	4.1	9.5	-0.5
39017	5	10.8	0.5
39018	4.8	10.9	0.2
39019	4.4	8	0
39020	0.7	5.1	-2
39021	-0.4	5.5	-3.6
39022	2.4	8.4	-2.7
39023	7	9.3	4
39024	9.3	10.8	8
39025	10	11.2	8.7
39026	12.2	13.5	10.9
39027	14.3	15.7	12.7
39028	12.6	14.8	7.3
39029	5.8	7.8	2.9
39030	3.9	5.6	2.5
39031	3.4	5.1	1.5
39032	2.9	5.1	1.1
39033	2.3	6.1	0
39034	5.3	6.4	3.5
39035	3	4.3	1.4
39036	4.8	8.6	1.4
39037	4.5	6.4	1.9
39038	3.2	6	1.1
39039	3.6	6.5	0
39040	5.8	7.8	3.1
39041	6	7.8	2.2
39042	2.7	4.2	1.1
39043	1.7	3.5	0.1
39044	0.6	1.9	-0.9
39045	2.4	3.8	1.1
39046	1.2	2.7	-0.3
39047	-0.4	1.2	-1.3
39048	-1.5	-0.5	-3.2
39049	-2.4	-0.8	-4.2
39050	-3.7	-1.2	-7.2
39051	-1.2	-0.7	-1.7
39052	-1.4	-0.9	-2
39053	-2.2	-1.1	-3.5
39054	-2.3	-0.6	-3.7
39055	-1.6	0.3	-2.8
39056	-1.3	1.1	-2.6
39057	-1.1	2.8	-2.5
39058	-0.3	3.7	-2
39059	0.3	3.6	-1.3
39060	2.2	6	-0.4
39061	2	3.6	0.3
39062	3.3	5.7	1.3
39063	4	5.1	3.2
39064	5.6	8.3	3.7
39065	4.9	7.7	2.5
39066	-0.6	2.8	-2.7
39067	-2.9	-1.4	-4.3
39068	-4.7	-2.6	-6.2
39069	-4.3	-1.7	-6.8
39070	-3.6	-1.8	-5.7
39071	-3	-1.2	-5.1
39072	-1.1	0.9	-2.3
39073	-1.2	0.6	-2.1
39074	1.4	4.2	-1.2
39075	0.8	3.4	-1.8
39076	0.6	3.3	-1.3
39077	2	4.3	0.1
39078	-0.3	1.9	-2.2
39079	-3	-2	-4.2
39080	-2.9	-1.3	-4.3
39081	-2	0	-3.4
39082	-1.9	0.4	-3.1
39083	-1.3	1.7	-3.4
39084	0.8	3.4	-1.8
39085	3.1	5.1	0.4
39086	-1.7	0.6	-2.3
39087	-2.1	-1.6	-2.6
39088	-1.4	-0.3	-2.2
39089	0.5	1.7	-1.2
39090	2	3.8	0.8
39091	1.6	4.2	-0.4
39092	-1.4	1	-3.4
39093	-5.2	-3.2	-8.9
39094	-9.3	-6.3	-11.7
39095	-8.1	-5	-12
39096	-7.1	-4.3	-10.1
39097	-6.9	-3.1	-10.3
39098	-4.7	-2.6	-7.4
39099	-3.4	-2.2	-4.8
39100	-2.8	-1.8	-4.2
39101	-1.8	-0.6	-2.8
39102	-1.3	0.7	-2.8
39103	-2	-0.3	-3.2
39104	-2.1	0.7	-3.9
39105	-0.8	2.5	-2.3
39106	-0.8	3.2	-2.6
39107	-2	1.9	-4.3
39108	-1.8	2.9	-4.4
39109	-2.3	1.7	-4.8
39110	-3.7	0.8	-6.5
39111	-2.7	2.7	-5.9
39112	-2.4	2.1	-5
39113	-2.6	2.6	-5.6
39114	-2.3	2.9	-5.7
39115	-1.1	4.6	-4.6
39116	0.6	4.3	-2.8
39117	3.4	11.2	-0.6
39118	3.4	10.1	-0.1
39119	3.1	9.7	-1
39120	3.5	7.8	0
39121	3.1	6.1	-0.7
39122	3.7	7.1	-0.6
39123	2.6	6.5	-1.5
39124	4	5.6	2.2
39125	3	5.5	1.2
39126	3.4	6.5	1.3
39127	3.2	5.2	1.8
39128	6.1	8.3	3.2
39129	8	9.3	6.3
39130	5.9	8.3	3.1
39131	2.3	5.7	0
39132	1.7	3.2	0.3
39133	1.3	3.1	-1.5
39134	-0.8	1	-2
39135	-1.2	0.3	-2
39136	-1.6	-0.2	-2.3
39137	-1.6	-0.9	-2.1
39138	-0.7	1.1	-1.7
39139	-1.1	1	-2.5
39140	-1.8	-0.1	-2.4
39141	-1.8	0	-2.4
39142	-1.6	-0.6	-2.2
39143	-1.5	-0.8	-2.2
39144	0.1	2.4	-1.5
39145	1.2	4	-1.5
39146	1.7	5.5	-1.7
39147	1.3	6	-2.5
39148	1.9	5.3	-1.1
39149	2.8	5.7	0.1
39150	3	5.1	1.4
39151	5.2	8.4	2.1
39152	8.3	12.7	5.3
39153	7.5	10.8	4.7
39154	5.9	8.5	2.5
39155	2.2	5	-2
39156	1.8	7.9	-3.5
39157	5.4	13	-1.3
39158	7	13.9	0.6
39159	8	10.7	6.5
39160	6.2	9.4	2
39161	1.9	4.1	-1.8
39162	0.4	3.7	-2.2
39163	3.3	8.8	-1.8
39164	6.6	12.9	1.8
39165	9.3	14.6	4.4
39166	4.9	9.8	-0.4
39167	1.1	6.3	-1.9
39168	0.8	3.3	-1.1
39169	0.8	4.8	-2.3
39170	3.6	11.1	-3
39171	6.2	12.8	0.2
39172	5.7	7.3	1.9
39173	2.7	5.9	0.6
39174	3.5	8.4	0.1
39175	4.9	10.9	-1.9
39176	7.9	13.4	4
39177	9.2	16.8	2
39178	12	19.5	4.8
39179	8.8	11.8	4.2
39180	5.9	10.1	2.7
39181	3.5	5.9	1.8
39182	3.3	9.4	0.7
39183	3	7.2	0.7
39184	2.6	6.5	-0.4
39185	5.5	10.1	1.1
39186	5.2	7.4	2.7
39187	4.3	10.9	0.9
39188	4.4	8.6	-0.5
39189	2.9	5.5	1
39190	2	6.2	0.1
39191	2.7	7.7	-0.8
39192	5.3	15.2	-1.7
39193	5.3	7.2	3.6
39194	6	12	3.1
39195	7.4	12.9	3.5
39196	9.6	18.4	4.8
39197	9.6	15.4	5.2
39198	8.9	19.1	2.1
39199	11.3	21.5	3.3
39200	13	23.5	7.5
39201	11.1	17.1	6.3
39202	10.1	20.4	3.9
39203	9.1	12.2	6.2
39204	5.2	9	1.7
39205	3.7	8	0.3
39206	4.9	8.9	2.9
39207	6.2	12.8	2.3
39208	10.1	16.4	3.6
39209	14.2	23.4	7.5
39210	14.9	27.7	7.6
39211	12.8	23.5	7.5
39212	11.9	24.1	5.2
39213	11.7	20.1	4.2
39214	9.2	11.3	6.1
39215	9.9	20.1	5.5
39216	12.9	27.2	3
39217	15.4	28	6.9
39218	14.6	25.4	9
39219	12.9	24.2	5.8
39220	13.4	24.2	5.9
39221	12.3	19.7	8.8
39222	8.4	10.7	5.4
39223	7.3	11.2	4.5
39224	9.8	20.4	4.6
39225	12.2	24.4	4
39226	14.3	26.3	7.1
39227	14.6	23.9	8.1
39228	16.7	28.6	10.4
39229	11.9	16.7	5.6
39230	11.3	25.5	2
39231	16.1	32.4	5.3
39232	18.2	34.3	8.5
39233	18.4	33	9.8
39234	19	32.7	10.9
39235	20.1	32.7	13
39236	20	32	13
39237	17	27.5	11.2
39238	8.8	11.8	5.7
39239	8.2	12.1	5.5
39240	9.4	14.2	6.6
39241	12.1	25.3	4.1
39242	12.1	14.3	8
39243	12	16.9	8.8
39244	11.3	19.7	6.5
39245	13.4	27.6	4
39246	15.6	26.3	10.8
39247	15.3	26.3	10.8
39248	16.8	28.1	10.2
39249	14.4	20.7	9
39250	12.7	23.3	5
39251	14.4	26.6	6.6
39252	16.6	31.5	7.7
39253	17.5	31.4	9.3
39254	16.6	28.4	11.6
39255	14	21	8.4
39256	11.9	18.7	5.5
39257	12	20.8	7.2
39258	13.9	28.8	5.1
39259	16.9	32.1	6.6
39260	16	24.1	9.2
39261	15.9	27.6	10.3
39262	12.4	14.4	10.8
39263	14.1	24.9	7
39264	16.1	27.3	9.6
39265	17.4	29.3	11
39266	18.6	31.5	10.5
39267	21	34.9	12.8
39268	21.5	33.9	14.9
39269	20.4	32.5	14.1
39270	19.1	31.6	12.1
39271	18.9	32.2	10.4
39272	19.7	33.4	11
39273	23.2	38.9	13.5
39274	22.3	31.9	17.4
39275	21.4	31.7	14.9
39276	20.9	32.8	15.3
39277	20.7	32.3	13.8
39278	20.2	30.2	13.5
39279	20	27.2	16.8
39280	16.4	18.6	14.9
39281	15.9	19	14
39282	15.6	24	12.4
39283	15.4	19.4	11.6
39284	18	27.9	14.6
39285	19.5	31.6	12.9
39286	20.1	31	14.2
39287	19.3	29.2	13.2
39288	18	30.9	10.3
39289	18.4	30	11.9
39290	19	32.1	11.6
39291	18.3	30.1	11.5
39292	17.7	28.6	11.6
39293	17.7	29.3	12.2
39294	17.8	32	8.9
39295	24.5	32.2	18.4
39296	20.8	31.3	14.6
39297	17.9	29.8	10.7
39298	16.6	27.7	9.5
39299	15.8	25.7	8.8
39300	16.1	26.1	10.7
39301	16.9	25.3	12.3
39302	16.8	27.7	10.7
39303	16.1	25.4	10.2
39304	15.2	27.5	7.7
39305	15.9	28.2	8
39306	15.3	26.5	8.3
39307	16.5	28.5	8.1
39308	18.6	30.9	10.2
39309	18.9	30	11.2
39310	17.9	25.1	14.4
39311	15.8	25.4	9.3
39312	15.5	23.9	9.6
39313	13.7	16.1	10.9
39314	14.4	16	13
39315	15.4	20.7	12.5
39316	15.8	23	12.5
39317	16.1	24.8	9.5
39318	17.2	26.2	11.3
39319	16.7	25.4	10.7
39320	15.5	21.6	9.8
39321	13.4	23	6.7
39322	15.8	25.2	8.3
39323	18.9	28.8	10.4
39324	20.7	30.3	14.3
39325	17.8	24	13.4
39326	16.5	26.7	10.2
39327	16.4	25.8	10
39328	17.1	25.9	9.9
39329	14.7	17.8	12
39330	15.2	21.2	11.9
39331	14.5	22.3	8.8
39332	13.9	20.9	9.3
39333	13.9	25.4	6.5
39334	15.1	27.2	6.3
39335	16.2	25.1	7.2
39336	16.3	25.6	8.1
39337	15.3	23.2	8.2
39338	12.8	16.8	8.9
39339	14.4	18.2	11
39340	13.4	19.8	9.3
39341	12	16.1	8.3
39342	12.3	16.2	8.5
39343	10.5	14.6	6.4
39344	10.3	16.3	6.1
39345	9.9	17.5	3
39346	11.3	18.3	4.2
39347	11	16.7	6.3
39348	8.7	14	3.9
39349	7.7	14.9	1.1
39350	9.5	18.4	2.8
39351	11.2	18.2	4.4
39352	12.2	19.7	6.5
39353	6.6	9.8	5
39354	7.2	9.7	4.9
39355	8.4	9.8	6.9
39356	8.7	11.1	6.8
39357	9.8	12.3	7.8
39358	7.7	9.8	5.6
39359	5.7	8	4.2
39360	5.5	8.2	3.4
39361	6.5	9.3	3.3
39362	10.2	13.2	7.6
39363	11	14.2	8.3
39364	9.8	12.4	7.6
39365	9	10.7	7.2
39366	7.6	10.3	4.1
39367	7.5	11.2	4.6
39368	6.7	11.3	2.1
39369	8.4	13.4	3.6
39370	9.5	12.2	7.5
39371	6.8	8.4	5.3
39372	5.4	7.2	3.5
39373	8	11.2	4.8
39374	8.4	13.6	4.2
39375	4.1	5.3	2.5
39376	6.3	9.5	3.9
39377	7.3	13.1	2.1
39378	9.6	14.6	5.3
39379	8.6	12.5	5.2
39380	4.1	7.3	1.2
39381	5.2	10.2	1.5
39382	5.1	11.7	0.1
39383	5.9	11.9	1.1
39384	6.6	10.3	2.5
39385	7.5	10.2	2.8
39386	4.3	9.3	-0.2
39387	4.6	8.7	0.9
39388	4.9	8.4	1.8
39389	4	9.6	-0.5
39390	4.9	10.5	0.6
39391	5.5	11.3	1.1
39392	5.2	10.9	1.1
39393	5.3	10.8	0.5
39394	5.1	10.1	1.3
39395	5.8	9.9	2.5
39396	8	9.6	6.1
39397	4.4	6.2	1.5
39398	6.2	10.5	1.7
39399	3	5.2	-0.7
39400	3.5	7.4	-0.8
39401	8	10.1	6
39402	8.5	9.3	7.9
39403	9.6	11.8	8.4
39404	6.2	8.6	-0.1
39405	1.1	3.4	-0.2
39406	0.6	2.2	-0.5
39407	0.1	2.4	-1.2
39408	-1.1	0.9	-2.5
39409	-1.1	2.5	-3.3
39410	-0.1	3	-2
39411	-0.5	3.6	-2.3
39412	0	3	-2.1
39413	1.6	3.2	0.3
39414	1.2	2.6	0
39415	1.7	3.8	0.7
39416	0.4	2	-0.8
39417	0.2	1.1	-0.5
39418	2.1	5.3	-0.1
39419	8	10	4.8
39420	9.5	10.5	7.4
39421	7.3	8.9	6.2
39422	5.5	6.8	3.9
39423	3.6	5.1	1.6
39424	-0.1	1.7	-2.1
39425	-1.3	0	-3.3
39426	-0.9	0.3	-2.3
39427	-1.4	0.5	-4
39428	0.6	2.9	-1.1
39429	-0.4	1.4	-1.4
39430	0.9	3.9	-1.3
39431	2.5	4.2	0.3
39432	1.3	3.1	-0.7
39433	2.1	3.7	1.3
39434	3.2	5.3	1.4
39435	3.3	4	2.3
39436	0.6	2.6	-0.3
39437	-0.1	0.8	-1.1
39438	-0.3	0.2	-1.3
39439	2.1	5.8	-0.1
39440	0.7	2.2	-0.4
39441	-0.5	0	-1.6
39442	-0.2	0.8	-0.8
39443	-0.5	-0.1	-1
39444	-0.1	0.3	-0.3
39445	0	0.4	-0.3
39446	-0.1	0.5	-0.6
39447	-1.7	-0.4	-3.6
39448	-1	0.4	-2.8
39449	0	0.8	-0.6
39450	0.4	1.1	-0.2
39451	1.2	3.4	-0.3
39452	0.5	1.4	-0.3
39453	-0.1	0.4	-0.4
39454	-0.1	0.9	-0.5
39455	-0.2	0.3	-0.4
39456	0	0.7	-0.3
39457	0.6	2.1	-0.3
39458	1.4	2.2	0.4
39459	1.4	2.5	0.5
39460	0.7	2	-0.7
39461	0.2	3.1	-1
39462	-0.8	0.7	-2.6
39463	-2.7	-0.4	-4.3
39464	-2.2	0	-4.8
39465	-0.3	0.7	-1.5
39466	-0.6	1	-2.3
39467	-0.3	1.7	-3.2
39468	-5.1	-2.6	-8
39469	-5.8	-1	-9.6
39470	-4.5	0.2	-8
39471	-3.8	0.2	-7.8
39472	-3	1	-6.6
39473	-0.2	1.2	-2.6
39474	-0.5	0.4	-2
39475	-0.8	0.4	-1.8
39476	-0.3	0.7	-1.2
39477	-0.2	0.7	-1
39478	-0.1	0.5	-0.3
39479	0	1.4	-0.4
39480	-0.1	0.3	-0.5
39481	0.1	1.2	-0.4
39482	0.1	1.4	-0.6
39483	0.1	1.2	-0.4
39484	0.2	1.5	-0.3
39485	0.6	1.9	-0.3
39486	0.5	1.3	-0.2
39487	0.8	2.1	-0.3
39488	1	2.1	0.2
39489	0.9	2.4	-0.6
39490	0.7	2.2	-0.8
39491	0.3	1.7	-0.8
39492	-0.3	1.2	-1.5
39493	0.3	2.5	-1.5
39494	0.1	2.3	-1.6
39495	-0.1	2.7	-2.3
39496	0.2	3.5	-1.9
39497	0.7	3.9	-1.8
39498	1.2	2.7	-0.8
39499	0.6	3.2	-1.5
39500	0.7	3.5	-1.4
39501	1	3.5	-1.4
39502	1.5	3.3	-0.6
39503	1.6	3.7	-0.7
39504	1	4	-1.1
39505	1.2	4.4	-0.9
39506	1.3	4.8	-1.4
39507	2.3	5.8	-0.8
39508	1.7	3.4	0.4
39509	0.6	2.4	-0.8
39510	1	3.2	-1.3
39511	1.1	3.7	-1.5
39512	-0.1	3.8	-3
39513	1.1	5.5	-2
39514	1.7	5.5	-1.8
39515	2.5	4.8	-0.7
39516	1.9	6	-0.9
39517	3.9	8.7	0
39518	3	5.6	-0.3
39519	2.6	6.3	-0.8
39520	2.9	4.3	1.9
39521	1.7	3.3	0
39522	1.4	4.5	-0.2
39523	1.4	4.1	-0.3
39524	1.4	3.1	-0.3
39525	3.6	6.9	1.6
39526	2.4	4.3	1.2
39527	1.7	4.6	-0.2
39528	1.1	4.4	-1.1
39529	1.8	7	-2.1
39530	3.3	6.3	0.3
39531	2.5	5.4	-1.4
39532	1.4	6.2	-2.1
39533	0.6	2.4	-0.5
39534	0.2	2.8	-1.4
39535	-0.3	1.5	-1.5
39536	0.2	2.4	-1.4
39537	0	2.2	-2
39538	-0.9	2.1	-3.6
39539	-0.7	3.2	-4.2
39540	0.7	5.1	-2.8
39541	1.9	7	-2
39542	1.7	6	-1
39543	2.7	6	0.6
39544	2.8	5.9	1
39545	2.6	7.5	0.5
39546	2.7	8	0.3
39547	3.8	8.5	1.2
39548	3.9	8.5	0.3
39549	4.8	12.8	-1.1
39550	7.6	17	0.4
39551	7.8	16.5	1.1
39552	3.1	5.9	-0.2
39553	1.9	6	-0.3
39554	4.4	10.1	1.2
39555	5.3	14.8	-1.1
39556	3.1	5.3	0.2
39557	0.3	3.1	-1.2
39558	0	4.4	-1.7
39559	0.8	3.3	-0.6
39560	2	4.8	-0.2
39561	2.9	7.9	0.9
39562	3.5	8.1	1.1
39563	5.2	12.6	1.4
39564	7.4	16.9	-0.3
39565	9.1	18.1	1.7
39566	9.8	19	6
39567	3.4	6.1	1.1
39568	3.1	8.2	0
39569	5.4	11.9	1.5
39570	8.6	14.8	3
39571	9.3	14.8	5.4
39572	9.8	21	2.2
39573	10.6	23.2	2.4
39574	9.9	19.6	3.3
39575	8.1	15	4.8
39576	6.9	13.4	3
39577	7.3	18.9	-1.1
39578	9.6	16.5	3.6
39579	6.6	10.5	3.6
39580	7.9	17.4	1.3
39581	9.5	13.5	6.2
39582	12.5	20.6	7.5
39583	16.3	31.4	5.1
39584	18.6	33.8	7.8
39585	18.9	34.4	8.8
39586	16.9	29.4	7.7
39587	17.5	31.8	7.5
39588	10.4	14	5.2
39589	6.6	10	4.9
39590	6.5	9.2	4.6
39591	6.8	9.3	4.8
39592	10.6	18.7	5.4
39593	10.7	14.1	8.3
39594	11.2	13.9	9
39595	12.4	16.7	9.4
39596	9.9	10.9	8.9
39597	10.1	12.5	8.4
39598	13.2	23.4	8.3
39599	11.9	19.1	8.6
39600	10.9	17.8	6.5
39601	11.1	19.8	6.3
39602	9.5	14.1	6.2
39603	7.8	12.3	4.3
39604	7.4	10.1	3.5
39605	6.7	8.5	5.2
39606	7.9	12.4	4
39607	10.7	23.4	1.5
39608	10	12.6	5
39609	5.7	7.3	3.4
39610	7.9	13.8	5
39611	11.3	24.1	1.9
39612	14.5	27.2	5.8
39613	14.2	26.6	6.1
39614	13.7	26.3	5.1
39615	14.5	27.2	6.1
39616	12.6	22.7	6.3
39617	12.4	23.4	5.7
39618	14.6	28.1	4.6
39619	16.6	26.6	7.6
39620	16.2	23.7	10.4
39621	14.1	24.4	6.7
39622	13.4	23.2	6.4
39623	14.6	27.5	5
39624	15.4	27.6	7.2
39625	15.6	26.3	8.3
39626	19.9	35.5	9.1
39627	23.7	39.5	13.3
39628	22.3	33.6	16.2
39629	21.4	32.4	14.9
39630	20	30.3	13.7
39631	20.7	31.8	13.4
39632	19.6	29.4	13.6
39633	17.4	23.9	14.1
39634	18.3	26.7	14
39635	18.6	28.3	13.3
39636	18.4	31.4	10.2
39637	20.5	34.7	10.9
39638	21.6	35.8	12.7
39639	18.9	30	11.9
39640	18.8	33.9	8.1
39641	20.6	36.8	8.9
39642	21.4	35.2	11.4
39643	20.6	33.9	11.4
39644	20.8	32.6	13.4
39645	18.9	31.2	11.5
39646	17.8	30.5	9.5
39647	16.5	28.2	8.3
39648	16.3	29.3	7.9
39649	17.8	29.6	9.1
39650	19.4	31.5	12.5
39651	14.2	17.7	11.1
39652	15.6	25.3	10.4
39653	16.2	29.5	7.1
39654	17.2	28.3	9.8
39655	17.4	29.7	9
39656	18.1	26.3	11.9
39657	17	30.3	8.5
39658	15.1	19.8	10.1
39659	16	24.8	11.9
39660	16.8	29.6	8.7
39661	17.7	26.3	10.9
39662	16.7	24.1	10.7
39663	15.7	28.8	7.6
39664	18	29.5	9
39665	20.5	32.9	11.7
39666	19.2	28.4	13.1
39667	20.4	31.1	13.6
39668	18.4	26.7	13.2
39669	15.9	22.9	11
39670	16.7	27.5	10
39671	18.3	30.6	9.5
39672	19.5	30.7	12.5
39673	20	32.3	11.7
39674	22.6	34.7	13.9
39675	23.5	36.3	14.3
39676	24.6	36.2	15.7
39677	23.5	30.7	18.8
39678	17.2	22.7	14.9
39679	16.6	23.6	13.5
39680	15.6	17.3	13.8
39681	12.7	17.3	9.3
39682	13.5	20.8	6.9
39683	16.5	24.7	10.3
39684	17	23.9	11.6
39685	13.7	16.7	9.5
39686	12.5	20.4	7.3
39687	12.9	20.3	8.8
39688	14.9	23.2	7.8
39689	17.1	25.7	11.1
39690	13.3	17.1	8.7
39691	9.7	14.3	5.8
39692	11	18.4	7.7
39693	11.6	20	6.2
39694	12	20.5	4.7
39695	13.3	21.6	7.1
39696	14.7	24.3	7.9
39697	15.2	23.5	8.5
39698	16.5	26.2	9.8
39699	16.3	25.1	8.8
39700	14.8	23.8	9.3
39701	13.7	23.2	6.7
39702	14.6	23.6	5.8
39703	14.8	24.5	7.1
39704	14.4	22.1	7.1
39705	16	24.7	7.5
39706	17.2	25.9	9.4
39707	17.9	26.9	9.7
39708	17.2	23.5	11.8
39709	12.9	18.6	9.2
39710	12.2	18.7	6.5
39711	12.9	16	11.5
39712	12.1	15.2	9.7
39713	9.7	13.1	4.3
39714	8.7	15.7	1.6
39715	11.8	19.4	5.3
39716	11.3	14.2	6.9
39717	9.8	16	3.7
39718	10.4	17.3	4.1
39719	13	21.4	5.8
39720	14.4	22.7	7.4
39721	15.4	22.4	9.3
39722	14.8	21.1	9.1
39723	12.8	15.3	11.3
39724	12	13.1	10.7
39725	10.5	12	8.8
39726	10.3	12.3	8.3
39727	12.3	14.4	10.7
39728	9.5	11.9	4.3
39729	5.3	9.4	1.4
39730	4.3	6.9	2.7
39731	3.6	6.7	1.5
39732	2.4	5.9	0.2
39733	4	8.9	-1.2
39734	7.7	12.7	2.4
39735	8.8	11.8	5.5
39736	7.4	10.4	5.3
39737	9.9	13.4	7.3
39738	10.1	14.6	5.5
39739	11.6	14.8	9.8
39740	11.2	14.1	9.6
39741	8.5	10.3	5.5
39742	5.6	8.2	2.8
39743	5.6	11.7	0.8
39744	5.7	11.1	1.4
39745	6.1	11.4	1.3
39746	7.4	12.6	2.8
39747	8.8	14.6	4.4
39748	8.9	14.8	4
39749	8.7	14	5
39750	7.4	12.8	3.2
39751	8.4	11.5	4.8
39752	10.8	13.3	9.3
39753	10.9	13.3	9.1
39754	8.4	10.4	7
39755	7.1	8.4	5.3
39756	3.3	5.3	1.8
39757	2.8	5	0.3
39758	6.7	9	4.2
39759	8.7	11.1	7
39760	8.2	10.4	7
39761	7.5	8.8	6.7
39762	6.6	7.6	5.1
39763	6.7	9.1	5
39764	11.7	12.7	8.9
39765	9.1	12.4	6.1
39766	4.9	6.7	2.8
39767	5.6	10.5	1.7
39768	5.8	10.6	2
39769	6.5	10.5	4.1
39770	5.8	9.2	2.8
39771	6.7	10.2	3.3
39772	4	6.1	1.7
39773	3.2	5.5	1.1
39774	3.6	5.5	-0.8
39775	1.1	5.5	-1.4
39776	2.4	7.5	-0.6
39777	3.7	7.3	0.6
39778	2.7	6.9	-0.5
39779	2.7	6.7	-0.8
39780	6.7	9	4.7
39781	8.1	10.5	6
39782	6.1	9.7	2.7
39783	5	8.5	1.2
39784	7.5	9	6.5
39785	NaN	NaN	NaN
39786	1	4.5	-0.8
39787	0.9	5.4	-1.1
39788	0.9	5.4	-1
39789	1.7	3.8	-1.1
39790	2.4	4.9	-1.1
39791	0.7	4.2	-1.2
39792	1.6	5.2	-0.9
39793	2.4	6.5	-0.2
39794	0.5	3	-1
39795	-0.3	0.3	-0.8
39796	-1.4	0.6	-6
39797	-8.2	-5.8	-10.3
39798	-8.2	-4.1	-11.4
39799	-5.4	-0.4	-8.6
39800	-0.6	0	-2
39801	-1.8	-0.5	-2.4
39802	-0.7	0.7	-1.8
39803	-0.2	0.3	-0.4
39804	-0.2	0.5	-0.4
39805	-0.3	0.7	-0.7
39806	-0.3	0	-0.7
39807	-0.2	1.1	-0.9
39808	-0.2	1	-0.9
39809	-0.2	0.1	-0.4
39810	1	2.2	-0.3
39811	0.5	2.6	-0.4
39812	0.3	1.4	-0.6
39813	0.8	1.8	0.1
